date max mean median min stdv sum topic n1 no st rt
20170729 21.36 7.37 6.89 6.32 1.15 55490.74 RTS101 0.7108 0.6358 24 19
20170730 24.42 7.74 7.21 5.56 1.23 49334.78 RTS101 0.7108 0.6358 24 19
20170731 40.8 7.9 7.3 6.73 1.21 49296.79 RTS101 0.7108 0.6358 24 19
20170801 50.37 7.86 7.26 6.69 1.33 51218.83 RTS101 0.7108 0.6358 24 19
20170802 39.66 7.61 7.03 6.45 1.71 54560.96 RTS101 0.7108 0.6358 24 19
20170803 45.71 7.73 7.03 6.45 2.21 62497.88 RTS101 0.7108 0.6358 24 19
20170804 39.68 7.02 6.52 5.95 1.29 82807.44 RTS101 0.7108 0.6358 24 19
20170805 31.48 7.47 6.87 6.3 1.34 58388.96 RTS101 0.7108 0.6358 24 19
20170729 18.87 8.26 7.98 7.07 1.1 60651.45 RTS104 0.0844 0.0594 18 16
20170730 19.97 8.45 8.12 7.18 1.06 57074.54 RTS104 0.0844 0.0594 18 16
20170731 19.0 8.32 7.92 7.12 1.07 63079.96 RTS104 0.0844 0.0594 18 16
20170801 18.7 8.34 7.94 7.16 1.05 62877.54 RTS104 0.0844 0.0594 18 16
20170802 19.24 8.3 8.01 7.07 1.01 57810.6 RTS104 0.0844 0.0594 18 16
20170803 19.2 8.26 7.84 7.16 0.98 68253.81 RTS104 0.0844 0.0594 18 16
20170804 18.93 8.31 7.86 6.92 1.12 65940.95 RTS104 0.0844 0.0594 18 16
20170805 19.24 8.45 8.22 7.28 1.16 53902.11 RTS104 0.0844 0.0594 18 16
20170729 34.51 8.6 8.46 7.08 1.15 32962.15 RTS105 0.4942 0.4942 20 14
20170730 27.54 8.59 8.39 6.11 0.96 40526.25 RTS105 0.4942 0.4942 20 14
20170731 24.16 8.82 8.6 7.21 0.94 36594.78 RTS105 0.4942 0.4942 20 14
20170801 24.76 8.8 8.55 7.17 1.08 34661.78 RTS105 0.4942 0.4942 20 14
20170802 24.46 8.89 8.65 7.27 1.21 29425.77 RTS105 0.4942 0.4942 20 14
20170803 25.1 8.89 8.61 7.62 1.18 33172.76 RTS105 0.4942 0.4942 20 14
20170804 24.83 8.72 8.43 7.54 1.11 35014.21 RTS105 0.4942 0.4942 20 14
20170805 16.63 8.66 8.26 7.16 0.95 32241.0 RTS105 0.4942 0.4942 20 14
20170729 27.44 5.76 5.4 4.03 1.14 169735.14 RTS106 0.4279 0.4279 21 10
20170730 28.54 5.89 5.56 4.18 1.19 168216.06 RTS106 0.4279 0.4279 21 10
20170731 27.96 5.77 5.44 4.51 1.2 186323.39 RTS106 0.4279 0.4279 21 10
20170801 21.5 5.76 5.43 4.86 1.2 192183.8 RTS106 0.4279 0.4279 21 10
20170802 21.36 5.77 5.42 4.49 1.22 176849.31 RTS106 0.4279 0.4279 21 10
20170803 28.05 5.84 5.48 4.55 1.15 189901.57 RTS106 0.4279 0.4279 21 10
20170804 20.87 5.82 5.47 4.53 1.13 195344.2 RTS106 0.4279 0.4279 21 10
20170805 27.67 5.75 5.43 4.49 1.11 175045.66 RTS106 0.4279 0.4279 21 10
20170729 33.29 8.25 7.7 6.99 1.54 67930.56 RTS111 0.7855 0.6105 25 20
20170730 33.34 8.45 8.09 7.15 1.37 66018.14 RTS111 0.7855 0.6105 25 20
20170731 25.8 8.14 7.52 6.89 1.49 83611.53 RTS111 0.7855 0.6105 25 20
20170801 27.19 8.03 7.48 6.43 1.44 90707.98 RTS111 0.7855 0.6105 25 20
20170802 23.97 8.12 7.61 6.67 1.39 75180.77 RTS111 0.7855 0.6105 25 20
20170803 21.45 8.02 7.47 6.84 1.36 89234.39 RTS111 0.7855 0.6105 25 20
20170804 26.32 8.03 7.48 6.87 1.34 91988.18 RTS111 0.7855 0.6105 25 20
20170805 26.37 8.23 7.88 6.96 1.21 69938.01 RTS111 0.7855 0.6105 25 20
20170729 26.45 8.79 8.18 7.23 2.19 33840.11 RTS113 0.1627 0.1627 27 14
20170730 28.14 9.17 8.34 6.65 2.43 32972.45 RTS113 0.1627 0.1627 27 14
20170731 37.29 9.1 8.48 7.48 2.27 34332.32 RTS113 0.1627 0.1627 27 14
20170801 37.23 8.89 8.28 7.26 2.38 37937.37 RTS113 0.1627 0.1627 27 14
20170802 36.01 8.78 8.2 7.18 2.25 35744.35 RTS113 0.1627 0.1627 27 14
20170803 26.29 8.95 8.27 5.97 2.18 37649.6 RTS113 0.1627 0.1627 27 14
20170804 23.53 8.83 8.28 7.39 1.91 36937.41 RTS113 0.1627 0.1627 27 14
20170805 28.21 8.91 8.48 7.12 1.87 29498.65 RTS113 0.1627 0.1627 27 14
20170729 28.11 9.16 8.84 7.81 1.63 35370.37 RTS114 0.4144 0.4144 29 14
20170730 27.95 9.25 8.73 7.86 1.43 33526.72 RTS114 0.4144 0.4144 29 14
20170731 28.09 9.25 8.78 7.95 1.88 46131.02 RTS114 0.4144 0.4144 29 14
20170801 27.7 9.17 8.8 8.02 1.49 42558.67 RTS114 0.4144 0.4144 29 14
20170802 27.03 9.07 8.68 7.82 1.52 38556.2 RTS114 0.4144 0.4144 29 14
20170803 29.72 8.84 8.5 7.56 1.43 50327.44 RTS114 0.4144 0.4144 29 14
20170804 30.55 8.96 8.77 7.61 1.63 50519.98 RTS114 0.4144 0.4144 29 14
20170805 26.86 9.36 8.94 8.03 1.68 34808.98 RTS114 0.4144 0.4144 29 14
20170729 16.87 8.79 8.6 7.58 0.89 22753.59 RTS115 0.4088 0.4088 17 10
20170730 20.18 9.02 8.79 7.77 1.16 21469.43 RTS115 0.4088 0.4088 17 10
20170731 31.28 8.71 8.46 7.46 1.64 26407.97 RTS115 0.4088 0.4088 17 10
20170801 20.64 8.37 7.81 6.87 1.09 31169.55 RTS115 0.4088 0.4088 17 10
20170802 17.88 8.31 7.78 6.84 0.98 29384.5 RTS115 0.4088 0.4088 17 10
20170803 29.73 8.16 8.02 7.0 1.0 42971.06 RTS115 0.4088 0.4088 17 10
20170804 22.45 8.33 8.21 7.19 0.89 37898.65 RTS115 0.4088 0.4088 17 10
20170805 16.89 8.46 8.36 7.33 0.88 28623.95 RTS115 0.4088 0.4088 17 10
20170729 24.02 7.85 7.56 6.9 0.92 68754.9 RTS116 0.1921 0.1921 17 11
20170730 18.97 7.98 7.69 7.05 1.02 64839.8 RTS116 0.1921 0.1921 17 11
20170731 18.53 7.74 7.54 6.72 0.9 79862.53 RTS116 0.1921 0.1921 17 11
20170801 25.99 7.69 7.42 6.43 0.82 82741.08 RTS116 0.1921 0.1921 17 11
20170802 24.81 7.75 7.43 6.47 1.0 73518.01 RTS116 0.1921 0.1921 17 11
20170803 24.81 7.78 7.6 6.78 0.96 77863.04 RTS116 0.1921 0.1921 17 11
20170804 19.21 7.77 7.7 6.76 0.82 78948.06 RTS116 0.1921 0.1921 17 11
20170805 17.98 7.83 7.7 6.81 0.91 63303.77 RTS116 0.1921 0.1921 17 11
20170729 22.69 8.25 7.98 6.6 1.4 61381.95 RTS118 0.375 0.375 26 14
20170730 25.63 8.41 8.14 6.72 1.4 64735.78 RTS118 0.375 0.375 26 14
20170731 24.02 8.23 7.99 6.88 1.43 72278.17 RTS118 0.375 0.375 26 14
20170801 25.93 8.15 7.87 6.85 1.4 74281.88 RTS118 0.375 0.375 26 14
20170802 25.06 8.17 7.86 6.84 1.44 66164.65 RTS118 0.375 0.375 26 14
20170803 23.97 8.19 7.91 6.91 1.31 72941.26 RTS118 0.375 0.375 26 14
20170804 24.15 8.13 7.87 6.85 1.28 74754.19 RTS118 0.375 0.375 26 14
20170805 24.07 8.21 7.87 6.85 1.47 62571.9 RTS118 0.375 0.375 26 14
20170729 22.75 9.32 8.98 8.33 1.05 15718.8 RTS119 0.8457 0.8457 20 20
20170730 22.43 9.49 9.15 8.42 1.32 15882.72 RTS119 0.8457 0.8457 20 20
20170731 22.63 9.41 9.16 8.39 1.14 16522.41 RTS119 0.8457 0.8457 20 20
20170801 40.68 9.38 9.17 8.3 1.19 17588.32 RTS119 0.8457 0.8457 20 20
20170802 22.0 9.28 8.94 8.32 0.99 16230.13 RTS119 0.8457 0.8457 20 20
20170803 20.6 8.99 8.66 7.99 1.11 23835.53 RTS119 0.8457 0.8457 20 20
20170804 18.92 8.95 8.65 8.08 0.93 23631.11 RTS119 0.8457 0.8457 20 20
20170805 21.63 9.13 8.98 8.34 0.82 18336.0 RTS119 0.8457 0.8457 20 20
20170729 27.83 9.01 8.48 7.9 1.09 18555.6 RTS120 0.5593 0.5593 17 10
20170730 28.05 9.15 8.62 7.24 1.13 19311.48 RTS120 0.5593 0.5593 17 10
20170731 22.81 9.14 9.04 8.02 1.03 19547.25 RTS120 0.5593 0.5593 17 10
20170801 32.72 8.98 8.42 7.85 1.07 20886.59 RTS120 0.5593 0.5593 17 10
20170802 23.62 8.96 8.41 7.84 1.05 18693.34 RTS120 0.5593 0.5593 17 10
20170803 28.22 9.03 8.52 7.95 1.02 20017.15 RTS120 0.5593 0.5593 17 10
20170804 19.62 8.9 8.38 7.8 0.94 22386.35 RTS120 0.5593 0.5593 17 10
20170805 23.02 8.99 8.47 7.89 0.87 19731.42 RTS120 0.5593 0.5593 17 10
20170729 26.12 8.04 7.9 6.72 1.35 78974.03 RTS123 0.4133 0.4133 27 14
20170730 26.31 8.12 7.99 6.34 1.25 80864.4 RTS123 0.4133 0.4133 27 14
20170731 26.39 7.91 7.68 6.29 1.31 93709.11 RTS123 0.4133 0.4133 27 14
20170801 28.53 7.98 7.87 6.37 1.29 93460.96 RTS123 0.4133 0.4133 27 14
20170802 22.59 7.96 7.87 6.7 1.27 83269.45 RTS123 0.4133 0.4133 27 14
20170803 25.58 8.02 7.96 6.73 1.34 90838.39 RTS123 0.4133 0.4133 27 14
20170804 25.83 8.02 7.9 6.41 1.32 92612.13 RTS123 0.4133 0.4133 27 14
20170805 25.51 8.03 7.89 6.83 1.26 79357.06 RTS123 0.4133 0.4133 27 14
20170729 29.36 7.89 7.59 6.99 1.13 51175.58 RTS125 0.6 0.3125 30 20
20170730 30.3 7.93 7.7 6.77 1.05 50221.92 RTS125 0.6 0.3125 30 20
20170731 31.35 7.68 7.48 6.75 1.07 59146.91 RTS125 0.6 0.3125 30 20
20170801 29.54 7.72 7.34 6.77 1.24 60382.34 RTS125 0.6 0.3125 30 20
20170802 30.13 7.66 7.27 6.7 1.1 53650.24 RTS125 0.6 0.3125 30 20
20170803 31.59 7.73 7.52 6.4 0.92 59206.0 RTS125 0.6 0.3125 30 20
20170804 31.26 7.85 7.51 6.89 1.17 57914.64 RTS125 0.6 0.3125 30 20
20170805 21.24 7.89 7.64 7.07 1.01 47920.14 RTS125 0.6 0.3125 30 20
20170729 24.22 9.0 8.97 7.64 1.17 35626.33 RTS126 0.162 0.162 26 14
20170730 31.24 9.17 9.17 7.74 1.26 33959.83 RTS126 0.162 0.162 26 14
20170731 21.36 8.87 8.98 7.48 1.2 40451.08 RTS126 0.162 0.162 26 14
20170801 34.28 8.96 8.9 7.62 1.21 41719.84 RTS126 0.162 0.162 26 14
20170802 25.18 9.1 9.1 7.67 1.31 35018.18 RTS126 0.162 0.162 26 14
20170803 25.48 9.04 9.01 7.63 1.21 39150.35 RTS126 0.162 0.162 26 14
20170804 22.84 9.1 9.08 7.71 1.22 38442.07 RTS126 0.162 0.162 26 14
20170805 39.96 9.11 9.13 7.62 1.47 33781.53 RTS126 0.162 0.162 26 14
20170729 17.86 8.47 8.3 7.71 0.74 34517.71 RTS127 0.2766 0.2766 17 10
20170730 18.96 8.54 8.43 6.31 0.78 36181.55 RTS127 0.2766 0.2766 17 10
20170731 17.52 8.31 8.14 7.17 0.74 43209.25 RTS127 0.2766 0.2766 17 10
20170801 24.87 8.36 8.16 7.54 0.88 44919.38 RTS127 0.2766 0.2766 17 10
20170802 16.62 7.86 7.83 7.0 0.6 59685.44 RTS127 0.2766 0.2766 17 10
20170803 18.14 8.28 8.17 7.44 0.64 45273.63 RTS127 0.2766 0.2766 17 10
20170804 17.23 8.15 8.03 7.28 0.98 56047.41 RTS127 0.2766 0.2766 17 10
20170805 17.2 8.39 8.18 7.54 1.16 43131.79 RTS127 0.2766 0.2766 17 10
20170729 25.49 9.09 8.38 6.84 2.59 80421.61 RTS130 0.1127 0.1127 17 10
20170730 26.68 8.87 8.38 7.17 2.13 76910.8 RTS130 0.1127 0.1127 17 10
20170731 24.06 8.62 8.26 6.99 1.93 87684.86 RTS130 0.1127 0.1127 17 10
20170801 24.21 8.74 8.33 6.92 2.13 87150.41 RTS130 0.1127 0.1127 17 10
20170802 27.29 8.83 8.2 6.74 2.44 89220.68 RTS130 0.1127 0.1127 17 10
20170803 27.48 8.71 8.22 6.78 2.23 93803.02 RTS130 0.1127 0.1127 17 10
20170804 23.85 8.44 8.19 6.69 1.93 98607.11 RTS130 0.1127 0.1127 17 10
20170805 26.76 8.48 8.15 6.67 1.98 82478.2 RTS130 0.1127 0.1127 17 10
20170729 18.86 8.32 8.22 7.19 0.96 35128.12 RTS132 0.2581 0.2581 19 10
20170730 19.63 8.48 8.33 7.31 0.98 34696.05 RTS132 0.2581 0.2581 19 10
20170731 26.53 8.59 8.47 7.45 0.91 35864.92 RTS132 0.2581 0.2581 19 10
20170801 25.69 8.7 8.46 7.46 1.28 32495.54 RTS132 0.2581 0.2581 19 10
20170802 27.45 8.63 7.98 7.4 1.21 28514.38 RTS132 0.2581 0.2581 19 10
20170803 19.78 8.22 7.67 7.1 1.14 36224.51 RTS132 0.2581 0.2581 19 10
20170804 20.04 8.28 7.74 7.16 1.11 35630.09 RTS132 0.2581 0.2581 19 10
20170805 20.85 8.42 7.82 7.24 1.23 29135.53 RTS132 0.2581 0.2581 19 10
20170729 23.35 7.07 6.6 5.61 1.21 170761.37 RTS136 0.2829 0.2829 28 14
20170730 24.27 7.13 6.64 4.33 1.28 176569.08 RTS136 0.2829 0.2829 28 14
20170731 31.33 7.04 6.57 4.91 1.54 206500.92 RTS136 0.2829 0.2829 28 14
20170801 24.85 7.02 6.58 4.94 1.43 208683.47 RTS136 0.2829 0.2829 28 14
20170802 31.75 7.07 6.59 5.08 1.38 179940.31 RTS136 0.2829 0.2829 28 14
20170803 24.88 6.91 6.5 4.98 1.19 214588.95 RTS136 0.2829 0.2829 28 14
20170804 34.52 6.96 6.48 5.0 1.32 213694.55 RTS136 0.2829 0.2829 28 14
20170805 27.65 7.15 6.53 5.15 1.54 178229.33 RTS136 0.2829 0.2829 28 14
20170729 27.37 8.56 8.26 6.68 1.34 35180.56 RTS138 0.375 0.375 30 14
20170730 26.07 7.82 7.58 5.75 1.41 59011.01 RTS138 0.375 0.375 30 14
20170731 26.25 8.7 8.4 7.64 1.23 36316.91 RTS138 0.375 0.375 30 14
20170801 26.2 8.45 8.18 6.97 1.25 41155.31 RTS138 0.375 0.375 30 14
20170802 26.17 8.67 8.44 7.15 1.24 35614.37 RTS138 0.375 0.375 30 14
20170803 25.97 8.64 8.34 7.2 1.13 41093.76 RTS138 0.375 0.375 30 14
20170804 27.52 8.69 8.41 7.65 1.11 39477.99 RTS138 0.375 0.375 30 14
20170805 29.53 8.62 8.23 7.63 1.13 35141.18 RTS138 0.375 0.375 30 14
20170729 19.13 9.55 9.21 8.63 0.71 8871.43 RTS139 0.2344 0.2344 17 10
20170730 14.68 9.74 9.42 8.84 0.64 8536.06 RTS139 0.2344 0.2344 17 10
20170731 19.07 9.56 9.24 8.67 0.68 10203.25 RTS139 0.2344 0.2344 17 10
20170801 21.76 9.35 9.2 8.26 0.64 11963.73 RTS139 0.2344 0.2344 17 10
20170802 13.93 9.16 9.09 8.51 0.56 12380.24 RTS139 0.2344 0.2344 17 10
20170803 22.67 9.37 8.98 8.4 0.78 12129.76 RTS139 0.2344 0.2344 17 10
20170804 19.27 9.62 9.25 8.67 0.77 10057.36 RTS139 0.2344 0.2344 17 10
20170805 13.39 9.68 9.33 8.75 0.62 8285.33 RTS139 0.2344 0.2344 17 10
20170729 17.37 8.13 7.8 7.23 0.81 23691.61 RTS144 0.1511 0.1261 20 13
20170730 17.53 8.43 8.04 6.65 0.89 23498.96 RTS144 0.1511 0.1261 20 13
20170731 21.15 8.47 8.05 7.48 0.91 22754.82 RTS144 0.1511 0.1261 20 13
20170801 20.86 8.21 7.84 7.26 0.94 26580.66 RTS144 0.1511 0.1261 20 13
20170802 21.49 8.12 7.75 7.18 0.96 25379.86 RTS144 0.1511 0.1261 20 13
20170803 21.53 8.27 7.92 5.97 0.87 25312.34 RTS144 0.1511 0.1261 20 13
20170804 21.48 8.32 7.96 7.39 0.89 24648.45 RTS144 0.1511 0.1261 20 13
20170805 21.67 8.45 8.06 7.12 0.89 20428.5 RTS144 0.1511 0.1261 20 13
20170729 22.78 6.42 5.4 4.03 2.02 246282.13 RTS147 0.0 0.0 20 14
20170730 23.48 6.49 5.56 4.18 1.73 248866.47 RTS147 0.0 0.0 20 14
20170731 23.01 6.36 5.44 4.51 1.66 287591.66 RTS147 0.0 0.0 20 14
20170801 22.39 6.36 5.43 4.86 1.72 291644.02 RTS147 0.0 0.0 20 14
20170802 21.78 6.44 5.42 4.49 1.96 269477.03 RTS147 0.0 0.0 20 14
20170803 22.2 6.47 5.48 4.55 1.79 291003.97 RTS147 0.0 0.0 20 14
20170804 23.57 6.43 5.47 4.53 1.67 300504.55 RTS147 0.0 0.0 20 14
20170805 23.25 6.4 5.43 4.49 1.69 273390.08 RTS147 0.0 0.0 20 14
20170729 27.03 8.05 7.8 6.8 1.8 61965.94 RTS148 0.0929 0.0929 20 14
20170730 34.67 8.37 7.96 6.31 2.02 57665.81 RTS148 0.0929 0.0929 20 14
20170731 27.76 8.06 7.68 6.55 1.78 70040.82 RTS148 0.0929 0.0929 20 14
20170801 30.98 8.04 7.68 6.43 1.9 75471.69 RTS148 0.0929 0.0929 20 14
20170802 29.89 7.89 7.6 6.63 1.83 73116.24 RTS148 0.0929 0.0929 20 14
20170803 26.57 7.9 7.53 6.64 1.78 77026.25 RTS148 0.0929 0.0929 20 14
20170804 26.68 7.93 7.68 6.66 1.82 78107.75 RTS148 0.0929 0.0929 20 14
20170805 33.34 8.04 7.85 6.47 1.81 61349.62 RTS148 0.0929 0.0929 20 14
20170729 22.7 8.78 8.48 7.67 1.24 26114.48 RTS151 0.5 0.5 29 14
20170730 22.15 8.96 8.58 7.19 1.21 24686.63 RTS151 0.5 0.5 29 14
20170731 19.39 8.71 8.39 7.73 1.09 29365.47 RTS151 0.5 0.5 29 14
20170801 26.65 8.65 8.33 7.55 1.02 33153.31 RTS151 0.5 0.5 29 14
20170802 28.15 8.6 8.39 7.6 1.09 29624.17 RTS151 0.5 0.5 29 14
20170803 27.73 8.75 8.36 7.78 1.09 30266.06 RTS151 0.5 0.5 29 14
20170804 27.03 8.7 8.38 7.73 1.2 31902.63 RTS151 0.5 0.5 29 14
20170805 26.9 8.86 8.48 7.91 1.14 24999.18 RTS151 0.5 0.5 29 14
20170729 26.22 8.37 8.21 6.46 1.52 62028.61 RTS153 0.1734 0.1734 28 14
20170730 26.57 8.41 8.3 5.53 1.48 64760.81 RTS153 0.1734 0.1734 28 14
20170731 30.16 8.07 7.76 6.49 1.59 81630.7 RTS153 0.1734 0.1734 28 14
20170801 27.01 8.05 7.52 5.69 1.59 80173.86 RTS153 0.1734 0.1734 28 14
20170802 34.18 8.11 7.96 6.58 1.66 69614.98 RTS153 0.1734 0.1734 28 14
20170803 27.03 8.23 8.14 5.56 1.64 80344.71 RTS153 0.1734 0.1734 28 14
20170804 27.16 8.23 8.08 6.7 1.61 84076.7 RTS153 0.1734 0.1734 28 14
20170805 27.83 8.23 7.81 6.79 1.54 76478.55 RTS153 0.1734 0.1734 28 14
20170729 22.71 6.96 6.6 5.13 1.51 183979.21 RTS154 0.019 0.019 17 10
20170730 23.43 7.07 6.62 4.58 1.5 188860.41 RTS154 0.019 0.019 17 10
20170731 23.25 6.89 6.52 5.5 1.42 202972.12 RTS154 0.019 0.019 17 10
20170801 22.59 6.95 6.55 5.17 1.47 206141.75 RTS154 0.019 0.019 17 10
20170802 22.36 6.85 6.46 5.08 1.42 191825.09 RTS154 0.019 0.019 17 10
20170803 24.03 6.97 6.5 5.29 1.37 204721.57 RTS154 0.019 0.019 17 10
20170804 29.17 6.97 6.48 5.24 1.5 209333.24 RTS154 0.019 0.019 17 10
20170805 23.71 6.95 6.53 5.15 1.46 185161.21 RTS154 0.019 0.019 17 10
20170729 27.13 8.27 7.95 7.28 1.09 34719.74 RTS156 0.6867 0.5867 27 20
20170730 19.97 8.67 8.47 6.78 1.04 33737.98 RTS156 0.6867 0.5867 27 20
20170731 28.86 8.56 8.22 7.6 1.06 35465.0 RTS156 0.6867 0.5867 27 20
20170801 20.09 8.45 8.17 7.52 1.21 36973.38 RTS156 0.6867 0.5867 27 20
20170802 26.76 8.38 8.04 7.47 1.08 33659.21 RTS156 0.6867 0.5867 27 20
20170803 27.13 8.27 7.95 7.38 1.03 40517.1 RTS156 0.6867 0.5867 27 20
20170804 20.87 8.35 8.07 7.13 1.12 39969.83 RTS156 0.6867 0.5867 27 20
20170805 27.27 8.45 8.12 7.54 1.24 32947.08 RTS156 0.6867 0.5867 27 20
20170729 25.8 7.49 7.04 6.02 1.5 90920.15 RTS159 0.75 0.75 24 10
20170730 23.64 7.59 7.17 5.07 1.51 90445.45 RTS159 0.75 0.75 24 10
20170731 23.03 7.43 7.0 5.98 1.49 106368.53 RTS159 0.75 0.75 24 10
20170801 22.86 7.69 7.04 5.65 1.88 112280.83 RTS159 0.75 0.75 24 10
20170802 24.48 7.57 7.08 5.7 1.61 99281.38 RTS159 0.75 0.75 24 10
20170803 24.35 7.61 7.31 6.06 1.65 119956.73 RTS159 0.75 0.75 24 10
20170804 23.35 7.63 7.38 5.75 1.57 115230.78 RTS159 0.75 0.75 24 10
20170805 23.85 7.57 7.05 5.67 1.67 99417.64 RTS159 0.75 0.75 24 10
20170729 33.45 11.71 9.15 7.28 4.21 50858.43 RTS161 0.4133 0.1633 30 20
20170730 34.82 11.94 9.27 7.9 4.25 44243.89 RTS161 0.4133 0.1633 30 20
20170731 36.32 11.55 9.46 7.65 4.09 47767.23 RTS161 0.4133 0.1633 30 20
20170801 30.36 11.46 9.27 7.6 4.05 52981.41 RTS161 0.4133 0.1633 30 20
20170802 34.42 11.44 9.25 7.59 3.89 51464.41 RTS161 0.4133 0.1633 30 20
20170803 26.64 10.94 8.88 7.53 4.17 45324.44 RTS161 0.4133 0.1633 30 20
20170804 27.48 10.67 8.52 7.13 4.07 46140.84 RTS161 0.4133 0.1633 30 20
20170805 36.12 10.96 8.56 7.54 4.2 39151.02 RTS161 0.4133 0.1633 30 20
20170729 31.61 10.21 9.61 8.59 2.32 13126.82 RTS162 0.0 0.0 20 14
20170730 32.1 10.76 10.04 7.61 2.87 11668.83 RTS162 0.0 0.0 20 14
20170731 39.63 10.46 9.88 8.43 2.84 15013.89 RTS162 0.0 0.0 20 14
20170801 50.81 10.19 9.5 8.56 2.48 17041.49 RTS162 0.0 0.0 20 14
20170802 30.38 10.27 9.72 8.46 2.57 14836.19 RTS162 0.0 0.0 20 14
20170803 30.3 10.23 9.86 8.69 2.09 15920.02 RTS162 0.0 0.0 20 14
20170804 31.88 10.69 10.08 9.07 2.55 14092.13 RTS162 0.0 0.0 20 14
20170805 32.03 10.68 10.05 8.67 2.65 11637.57 RTS162 0.0 0.0 20 14
20170729 21.67 5.93 5.74 3.68 1.24 335848.16 RTS164 0.3488 0.3488 17 10
20170730 21.02 6.1 5.92 3.26 1.28 342693.78 RTS164 0.3488 0.3488 17 10
20170731 19.65 5.94 5.76 3.7 1.21 369168.32 RTS164 0.3488 0.3488 17 10
20170801 20.8 5.93 5.76 3.7 1.17 383327.97 RTS164 0.3488 0.3488 17 10
20170802 20.69 5.93 5.74 4.12 1.2 346595.49 RTS164 0.3488 0.3488 17 10
20170803 19.91 5.98 5.79 3.73 1.23 375138.47 RTS164 0.3488 0.3488 17 10
20170804 21.05 5.92 5.7 3.65 1.23 395082.09 RTS164 0.3488 0.3488 17 10
20170805 20.62 5.89 5.68 4.06 1.24 360978.02 RTS164 0.3488 0.3488 17 10
20170729 17.88 8.64 8.62 7.09 0.89 38751.25 RTS166 0.1282 0.0657 18 16
20170730 18.86 8.78 8.79 6.56 0.77 40308.61 RTS166 0.1282 0.0657 18 16
20170731 18.17 8.68 8.6 7.54 0.81 41642.17 RTS166 0.1282 0.0657 18 16
20170801 19.93 8.69 8.56 7.56 0.9 42199.03 RTS166 0.1282 0.0657 18 16
20170802 19.24 8.72 8.65 7.55 0.85 35521.07 RTS166 0.1282 0.0657 18 16
20170803 18.73 8.62 8.49 7.47 0.88 45602.88 RTS166 0.1282 0.0657 18 16
20170804 19.31 8.62 8.68 7.46 0.88 45967.25 RTS166 0.1282 0.0657 18 16
20170805 19.25 8.4 8.48 7.35 0.62 49089.46 RTS166 0.1282 0.0657 18 16
20170729 32.63 8.78 8.01 7.44 1.77 26303.19 RTS167 0.2038 0.2038 20 14
20170730 33.17 8.82 8.05 7.11 1.76 28080.37 RTS167 0.2038 0.2038 20 14
20170731 31.76 8.44 8.21 6.82 1.59 40508.66 RTS167 0.2038 0.2038 20 14
20170801 27.95 9.08 8.37 7.35 2.52 39405.44 RTS167 0.2038 0.2038 20 14
20170802 25.8 8.78 8.31 7.29 2.14 37889.87 RTS167 0.2038 0.2038 20 14
20170803 23.39 8.38 8.15 7.13 1.5 45139.09 RTS167 0.2038 0.2038 20 14
20170804 32.06 8.56 7.87 7.29 1.61 36510.62 RTS167 0.2038 0.2038 20 14
20170805 23.57 8.93 7.99 7.41 2.13 27499.26 RTS167 0.2038 0.2038 20 14
20170729 36.67 8.26 8.16 7.14 1.08 37976.24 RTS171 0.3753 0.3753 20 14
20170730 29.08 8.43 8.27 7.25 1.07 38656.92 RTS171 0.3753 0.3753 20 14
20170731 36.69 8.32 7.69 7.12 1.19 39507.19 RTS171 0.3753 0.3753 20 14
20170801 29.29 8.07 7.43 6.85 1.12 47396.93 RTS171 0.3753 0.3753 20 14
20170802 19.86 7.93 7.31 6.73 1.13 45077.2 RTS171 0.3753 0.3753 20 14
20170803 28.22 8.28 7.71 7.13 1.11 41707.37 RTS171 0.3753 0.3753 20 14
20170804 28.6 8.35 7.75 7.17 1.14 40040.75 RTS171 0.3753 0.3753 20 14
20170805 20.46 8.1 7.55 6.98 1.13 39824.08 RTS171 0.3753 0.3753 20 14
20170729 37.56 8.22 7.84 6.47 1.33 51082.0 RTS173 0.536 0.536 28 14
20170730 26.65 8.46 8.27 7.17 1.14 52191.0 RTS173 0.536 0.536 28 14
20170731 20.65 8.31 8.15 6.99 1.05 55597.21 RTS173 0.536 0.536 28 14
20170801 27.45 8.26 7.94 6.92 1.15 58769.46 RTS173 0.536 0.536 28 14
20170802 35.32 8.06 7.76 6.74 1.24 60499.65 RTS173 0.536 0.536 28 14
20170803 26.14 8.08 7.84 6.78 1.18 69570.84 RTS173 0.536 0.536 28 14
20170804 27.5 8.05 7.71 6.69 1.26 66551.25 RTS173 0.536 0.536 28 14
20170805 34.63 8.06 7.69 6.67 1.22 62074.6 RTS173 0.536 0.536 28 14
20170729 25.3 10.49 9.71 9.13 2.14 6084.15 RTS174 0.2455 0.2455 17 10
20170730 25.48 10.64 10.01 9.39 1.7 5278.65 RTS174 0.2455 0.2455 17 10
20170731 24.48 10.13 9.47 8.89 1.9 7558.39 RTS174 0.2455 0.2455 17 10
20170801 34.43 10.14 9.49 8.91 1.81 7706.85 RTS174 0.2455 0.2455 17 10
20170802 35.24 10.14 9.42 8.84 2.32 7158.62 RTS174 0.2455 0.2455 17 10
20170803 33.39 9.76 9.47 8.8 1.73 12300.96 RTS174 0.2455 0.2455 17 10
20170804 31.16 10.1 9.47 8.89 1.81 8826.93 RTS174 0.2455 0.2455 17 10
20170805 35.19 10.22 9.54 8.96 2.04 6631.65 RTS174 0.2455 0.2455 17 10
20170729 28.96 8.05 7.71 6.64 1.43 74536.18 RTS176 0.5 0.5 30 14
20170730 29.14 8.14 7.82 6.72 1.52 80353.64 RTS176 0.5 0.5 30 14
20170731 25.58 8.07 7.69 6.27 1.48 86742.24 RTS176 0.5 0.5 30 14
20170801 20.86 7.86 7.43 6.55 1.29 97388.27 RTS176 0.5 0.5 30 14
20170802 25.94 7.68 7.31 6.0 1.38 96251.14 RTS176 0.5 0.5 30 14
20170803 28.66 7.92 7.53 6.51 1.38 92027.87 RTS176 0.5 0.5 30 14
20170804 23.62 8.01 7.75 6.6 1.39 88983.98 RTS176 0.5 0.5 30 14
20170805 27.09 7.91 7.55 6.21 1.46 79873.94 RTS176 0.5 0.5 30 14
20170729 28.66 8.66 8.5 7.34 1.29 35940.0 RTS177 0.4179 0.4179 28 14
20170730 20.8 8.86 8.48 7.46 1.38 36632.62 RTS177 0.4179 0.4179 28 14
20170731 27.94 8.69 8.59 7.32 1.33 40497.08 RTS177 0.4179 0.4179 28 14
20170801 27.01 8.69 8.44 7.35 1.23 42889.21 RTS177 0.4179 0.4179 28 14
20170802 28.43 8.59 8.56 7.28 1.21 39672.99 RTS177 0.4179 0.4179 28 14
20170803 28.11 8.72 8.39 7.37 1.25 39730.61 RTS177 0.4179 0.4179 28 14
20170804 20.48 8.71 8.75 7.39 1.19 40862.37 RTS177 0.4179 0.4179 28 14
20170805 27.95 8.48 8.21 7.19 1.27 39722.53 RTS177 0.4179 0.4179 28 14
20170729 23.57 8.8 7.98 6.84 2.44 84941.37 RTS179 0.0083 0.0083 20 14
20170730 25.92 8.63 8.03 7.17 2.04 82830.67 RTS179 0.0083 0.0083 20 14
20170731 28.22 8.32 7.88 6.99 1.74 93396.09 RTS179 0.0083 0.0083 20 14
20170801 25.32 8.54 7.94 6.92 2.05 91049.69 RTS179 0.0083 0.0083 20 14
20170802 23.27 8.67 7.77 6.74 2.34 88983.75 RTS179 0.0083 0.0083 20 14
20170803 23.3 8.59 7.8 6.78 2.19 91781.71 RTS179 0.0083 0.0083 20 14
20170804 24.51 8.37 7.78 6.69 1.99 93479.59 RTS179 0.0083 0.0083 20 14
20170805 23.03 8.25 7.64 6.67 1.88 86100.48 RTS179 0.0083 0.0083 20 14
20170729 31.38 6.63 5.85 4.03 2.12 298935.48 RTS182 0.3334 0.3334 17 10
20170730 27.13 6.71 6.0 4.18 1.9 294218.55 RTS182 0.3334 0.3334 17 10
20170731 30.75 6.61 5.89 4.51 1.93 331168.38 RTS182 0.3334 0.3334 17 10
20170801 30.97 6.6 5.88 4.86 1.92 337508.49 RTS182 0.3334 0.3334 17 10
20170802 27.12 6.65 5.86 4.49 2.04 317184.52 RTS182 0.3334 0.3334 17 10
20170803 25.58 6.72 5.93 4.55 2.01 343056.35 RTS182 0.3334 0.3334 17 10
20170804 26.71 6.63 5.91 4.53 1.9 338256.28 RTS182 0.3334 0.3334 17 10
20170805 25.55 6.6 5.87 4.49 1.96 303795.04 RTS182 0.3334 0.3334 17 10
20170729 17.2 7.46 6.97 5.88 1.15 135382.41 RTS186 0.0903 0.0903 17 10
20170730 21.48 7.57 7.24 5.2 1.19 132747.83 RTS186 0.0903 0.0903 17 10
20170731 23.8 7.23 6.71 5.73 1.16 171190.33 RTS186 0.0903 0.0903 17 10
20170801 22.89 7.27 6.77 6.08 1.24 177899.85 RTS186 0.0903 0.0903 17 10
20170802 21.7 7.22 6.7 6.1 1.18 159088.61 RTS186 0.0903 0.0903 17 10
20170803 23.02 7.31 6.81 6.2 1.11 169536.39 RTS186 0.0903 0.0903 17 10
20170804 23.16 7.46 7.29 5.91 1.09 162751.57 RTS186 0.0903 0.0903 17 10
20170805 18.02 7.43 7.04 6.23 1.03 142543.64 RTS186 0.0903 0.0903 17 10
20170729 18.55 8.18 7.68 6.75 1.14 25873.06 RTS187 0.1566 0.1566 17 10
20170730 19.4 8.24 7.82 6.88 1.05 25574.49 RTS187 0.1566 0.1566 17 10
20170731 19.91 8.09 7.68 7.11 1.01 27487.65 RTS187 0.1566 0.1566 17 10
20170801 19.67 7.87 7.51 6.93 0.98 32625.77 RTS187 0.1566 0.1566 17 10
20170802 20.48 7.87 7.45 6.88 1.05 30149.76 RTS187 0.1566 0.1566 17 10
20170803 18.75 8.02 7.61 7.03 0.93 31428.66 RTS187 0.1566 0.1566 17 10
20170804 18.76 8.01 7.61 6.67 1.0 31323.54 RTS187 0.1566 0.1566 17 10
20170805 13.83 8.13 7.67 6.73 0.92 27704.94 RTS187 0.1566 0.1566 17 10
20170729 22.91 8.79 8.35 7.67 1.3 35733.49 RTS190 0.5162 0.4162 30 20
20170730 32.6 8.91 8.33 6.94 1.82 39298.64 RTS190 0.5162 0.4162 30 20
20170731 33.2 8.86 8.62 7.25 1.58 38352.69 RTS190 0.5162 0.4162 30 20
20170801 42.59 8.7 8.58 7.46 1.51 44647.8 RTS190 0.5162 0.4162 30 20
20170802 33.08 8.64 8.34 7.5 1.33 40579.09 RTS190 0.5162 0.4162 30 20
20170803 33.77 8.62 8.32 7.59 1.23 46195.62 RTS190 0.5162 0.4162 30 20
20170804 33.66 8.6 8.42 7.56 1.15 46348.47 RTS190 0.5162 0.4162 30 20
20170805 19.75 8.46 8.21 7.41 1.06 44356.1 RTS190 0.5162 0.4162 30 20
20170729 23.23 9.9 9.94 8.67 1.09 14229.6 RTS193 0.2883 0.2883 22 14
20170730 23.84 10.02 9.83 8.79 1.17 14752.49 RTS193 0.2883 0.2883 22 14
20170731 20.82 9.87 9.76 8.72 0.95 16722.93 RTS193 0.2883 0.2883 22 14
20170801 29.76 9.85 9.92 8.59 1.23 17823.95 RTS193 0.2883 0.2883 22 14
20170802 21.1 9.77 9.7 8.43 1.33 15874.87 RTS193 0.2883 0.2883 22 14
20170803 23.64 9.82 9.78 8.52 1.48 18825.53 RTS193 0.2883 0.2883 22 14
20170804 20.46 9.71 9.3 8.68 1.08 20316.63 RTS193 0.2883 0.2883 22 14
20170805 21.39 10.02 9.9 8.88 1.3 15276.92 RTS193 0.2883 0.2883 22 14
20170729 39.26 6.16 5.42 4.48 1.72 196790.83 RTS204 0.3604 0.3604 17 10
20170730 35.28 6.38 5.57 3.63 1.91 197012.3 RTS204 0.3604 0.3604 17 10
20170731 35.73 6.1 5.31 3.94 1.85 247583.33 RTS204 0.3604 0.3604 17 10
20170801 31.77 5.98 5.19 4.26 1.83 268554.55 RTS204 0.3604 0.3604 17 10
20170802 31.61 6.02 5.25 3.88 1.8 232869.5 RTS204 0.3604 0.3604 17 10
20170803 39.95 5.92 5.18 4.25 1.75 275311.95 RTS204 0.3604 0.3604 17 10
20170804 35.7 6.0 5.24 4.31 1.78 270543.56 RTS204 0.3604 0.3604 17 10
20170805 30.21 6.08 5.34 3.97 1.75 216918.99 RTS204 0.3604 0.3604 17 10
20170729 38.93 5.62 5.29 4.36 1.22 176764.13 RTS205 0.401 0.401 20 14
20170730 25.35 5.81 5.47 4.53 1.23 177744.59 RTS205 0.401 0.401 20 14
20170731 39.38 5.66 5.32 3.94 1.2 198537.62 RTS205 0.401 0.401 20 14
20170801 37.49 5.68 5.31 4.38 1.21 204769.29 RTS205 0.401 0.401 20 14
20170802 38.63 5.74 5.35 4.42 1.22 183133.23 RTS205 0.401 0.401 20 14
20170803 31.43 5.87 5.32 4.39 1.65 213563.95 RTS205 0.401 0.401 20 14
20170804 36.47 5.78 5.35 4.42 1.34 207974.73 RTS205 0.401 0.401 20 14
20170805 37.71 5.71 5.34 4.41 1.23 181943.3 RTS205 0.401 0.401 20 14
20170729 29.15 8.42 7.51 6.93 1.97 42155.15 RTS207 0.4545 0.4545 17 10
20170730 30.52 8.27 7.39 6.45 1.91 48506.24 RTS207 0.4545 0.4545 17 10
20170731 30.58 8.21 7.27 6.69 2.05 55574.8 RTS207 0.4545 0.4545 17 10
20170801 29.58 8.42 7.89 6.87 2.14 55688.93 RTS207 0.4545 0.4545 17 10
20170802 28.65 8.4 7.89 6.87 2.08 49225.71 RTS207 0.4545 0.4545 17 10
20170803 30.01 8.38 7.92 6.9 2.07 54448.89 RTS207 0.4545 0.4545 17 10
20170804 29.95 8.37 7.91 6.89 1.92 55441.47 RTS207 0.4545 0.4545 17 10
20170805 21.11 8.45 7.53 6.95 1.93 43474.57 RTS207 0.4545 0.4545 17 10
20170729 27.89 6.94 6.55 5.13 1.37 203017.04 RTS209 0.375 0.375 27 14
20170730 24.49 7.08 6.65 4.33 1.42 206650.1 RTS209 0.375 0.375 27 14
20170731 27.97 6.84 6.29 4.91 1.39 242747.1 RTS209 0.375 0.375 27 14
20170801 24.55 6.89 6.32 4.94 1.42 253101.11 RTS209 0.375 0.375 27 14
20170802 27.31 6.84 6.46 5.08 1.4 224133.42 RTS209 0.375 0.375 27 14
20170803 27.04 6.96 6.65 4.98 1.36 241988.67 RTS209 0.375 0.375 27 14
20170804 21.57 6.93 6.38 5.0 1.32 247585.12 RTS209 0.375 0.375 27 14
20170805 26.14 6.93 6.58 5.2 1.32 216715.49 RTS209 0.375 0.375 27 14
20170729 24.31 7.5 6.77 5.83 1.56 70354.18 RTS210 0.75 0.75 25 14
20170730 23.93 7.65 7.36 4.98 1.52 71105.07 RTS210 0.75 0.75 25 14
20170731 22.93 7.34 6.73 6.16 1.32 79952.57 RTS210 0.75 0.75 25 14
20170801 23.84 7.41 6.79 6.22 1.33 81524.66 RTS210 0.75 0.75 25 14
20170802 24.08 7.43 6.83 5.89 1.35 69684.21 RTS210 0.75 0.75 25 14
20170803 23.84 7.28 6.68 6.11 1.34 86623.88 RTS210 0.75 0.75 25 14
20170804 23.43 7.03 6.44 5.87 1.35 101762.09 RTS210 0.75 0.75 25 14
20170805 17.95 7.21 6.59 6.02 1.44 80499.92 RTS210 0.75 0.75 25 14
20170729 28.3 10.13 9.75 9.13 1.46 9865.45 RTS211 0.3191 0.3191 25 14
20170730 24.39 10.34 10.01 9.41 1.66 9962.1 RTS211 0.3191 0.3191 25 14
20170731 24.28 9.83 9.52 8.89 1.57 13736.31 RTS211 0.3191 0.3191 25 14
20170801 31.35 10.01 9.49 8.91 1.94 14201.13 RTS211 0.3191 0.3191 25 14
20170802 43.25 9.89 9.5 8.84 1.83 13284.83 RTS211 0.3191 0.3191 25 14
20170803 30.82 10.1 9.37 8.8 2.49 16737.19 RTS211 0.3191 0.3191 25 14
20170804 29.91 9.83 9.47 8.48 1.87 16460.25 RTS211 0.3191 0.3191 25 14
20170805 22.7 9.91 9.57 8.96 1.58 12347.71 RTS211 0.3191 0.3191 25 14
20170729 51.84 7.23 6.6 6.02 2.06 68192.39 RTS212 0.5467 0.5467 17 10
20170730 41.36 7.24 6.62 4.97 1.98 75526.05 RTS212 0.5467 0.5467 17 10
20170731 51.86 7.16 6.57 5.99 1.92 77360.12 RTS212 0.5467 0.5467 17 10
20170801 40.56 7.12 6.58 5.65 1.63 77615.9 RTS212 0.5467 0.5467 17 10
20170802 64.74 7.13 6.59 5.66 1.74 68147.54 RTS212 0.5467 0.5467 17 10
20170803 40.42 7.0 6.5 5.56 1.67 82094.06 RTS212 0.5467 0.5467 17 10
20170804 33.56 7.02 6.48 5.91 1.76 84454.24 RTS212 0.5467 0.5467 17 10
20170805 40.28 7.39 6.53 5.6 2.28 75981.68 RTS212 0.5467 0.5467 17 10
20170729 28.83 7.56 6.96 5.74 2.0 251149.09 RTS213 0.0165 0.0165 17 10
20170730 27.0 7.74 7.18 5.15 2.05 246439.72 RTS213 0.0165 0.0165 17 10
20170731 26.1 7.59 6.86 5.82 2.01 266328.87 RTS213 0.0165 0.0165 17 10
20170801 29.59 7.52 6.9 5.79 1.93 282918.37 RTS213 0.0165 0.0165 17 10
20170802 26.86 7.58 6.92 5.76 2.04 255204.29 RTS213 0.0165 0.0165 17 10
20170803 27.39 7.63 6.97 5.51 2.01 277868.73 RTS213 0.0165 0.0165 17 10
20170804 31.12 7.6 6.94 5.38 1.97 284475.39 RTS213 0.0165 0.0165 17 10
20170805 34.01 7.65 6.85 5.46 2.1 244079.47 RTS213 0.0165 0.0165 17 10
20170729 22.78 7.21 6.89 5.67 1.11 110950.13 RTS214 0.625 0.625 24 14
20170730 19.88 7.41 7.15 5.1 1.15 108062.48 RTS214 0.625 0.625 24 14
20170731 23.07 7.37 7.12 6.1 1.08 110231.65 RTS214 0.625 0.625 24 14
20170801 23.06 7.36 7.08 4.98 1.21 114289.9 RTS214 0.625 0.625 24 14
20170802 18.28 7.32 7.07 6.05 1.15 100686.45 RTS214 0.625 0.625 24 14
20170803 17.45 7.29 7.05 5.67 1.22 118757.35 RTS214 0.625 0.625 24 14
20170804 17.95 7.27 7.08 6.09 1.05 119992.94 RTS214 0.625 0.625 24 14
20170805 22.86 7.22 6.99 5.98 1.07 115477.51 RTS214 0.625 0.625 24 14
20170729 19.43 8.15 8.03 7.09 1.01 54209.35 RTS215 0.1658 0.1658 17 10
20170730 20.07 8.41 8.21 6.35 0.98 49791.02 RTS215 0.1658 0.1658 17 10
20170731 21.4 8.25 8.11 7.25 1.09 58189.74 RTS215 0.1658 0.1658 17 10
20170801 30.88 8.27 8.13 7.3 1.09 58639.63 RTS215 0.1658 0.1658 17 10
20170802 26.89 8.19 8.06 7.2 1.09 55377.37 RTS215 0.1658 0.1658 17 10
20170803 21.46 8.15 8.05 6.86 1.0 63302.34 RTS215 0.1658 0.1658 17 10
20170804 21.79 8.09 8.03 6.29 0.97 66956.64 RTS215 0.1658 0.1658 17 10
20170805 21.67 8.13 7.92 6.79 0.95 56608.48 RTS215 0.1658 0.1658 17 10
20170729 33.02 8.76 8.25 7.02 2.71 59755.72 RTS217 0.3052 0.3052 17 10
20170730 33.01 8.88 8.26 6.79 2.66 59219.36 RTS217 0.3052 0.3052 17 10
20170731 31.54 8.78 8.27 7.06 2.65 63605.07 RTS217 0.3052 0.3052 17 10
20170801 33.77 8.77 8.25 6.68 2.63 66745.27 RTS217 0.3052 0.3052 17 10
20170802 37.21 9.06 8.38 6.83 2.91 59470.7 RTS217 0.3052 0.3052 17 10
20170803 39.08 8.72 8.08 6.68 2.62 68821.32 RTS217 0.3052 0.3052 17 10
20170804 40.53 8.54 7.82 7.1 2.5 76764.42 RTS217 0.3052 0.3052 17 10
20170805 40.5 8.77 8.34 7.09 2.57 60444.25 RTS217 0.3052 0.3052 17 10
20170729 19.82 5.96 5.42 4.48 1.37 179986.25 RTS218 0.1029 0.1029 17 10
20170730 23.84 6.14 5.57 3.63 1.37 181052.59 RTS218 0.1029 0.1029 17 10
20170731 22.79 5.83 5.31 3.94 1.39 218426.05 RTS218 0.1029 0.1029 17 10
20170801 22.82 5.71 5.19 4.26 1.41 238195.31 RTS218 0.1029 0.1029 17 10
20170802 18.8 5.77 5.25 3.88 1.38 208231.79 RTS218 0.1029 0.1029 17 10
20170803 26.42 5.7 5.18 4.25 1.43 247302.34 RTS218 0.1029 0.1029 17 10
20170804 23.43 5.75 5.24 4.31 1.38 240467.93 RTS218 0.1029 0.1029 17 10
20170805 23.23 5.87 5.34 3.97 1.41 198499.71 RTS218 0.1029 0.1029 17 10
20170729 26.48 6.08 5.42 4.48 1.3 223283.34 RTS219 0.082 0.082 17 10
20170730 27.03 6.24 5.57 3.63 1.32 222998.86 RTS219 0.082 0.082 17 10
20170731 23.82 5.99 5.31 3.94 1.38 259846.39 RTS219 0.082 0.082 17 10
20170801 22.48 5.86 5.19 4.26 1.39 277939.22 RTS219 0.082 0.082 17 10
20170802 26.09 5.96 5.25 3.88 1.48 248690.49 RTS219 0.082 0.082 17 10
20170803 25.83 5.87 5.18 4.25 1.42 297757.87 RTS219 0.082 0.082 17 10
20170804 22.99 5.92 5.24 4.31 1.38 288756.4 RTS219 0.082 0.082 17 10
20170805 23.29 6.03 5.34 3.97 1.46 235885.74 RTS219 0.082 0.082 17 10
20170729 22.29 7.69 7.4 6.39 1.08 96439.41 RTS220 0.2627 0.2627 17 10
20170730 18.08 7.85 7.5 5.8 0.99 96294.63 RTS220 0.2627 0.2627 17 10
20170731 22.29 7.73 7.33 6.54 0.98 104368.86 RTS220 0.2627 0.2627 17 10
20170801 24.29 7.66 7.21 6.59 0.94 111767.6 RTS220 0.2627 0.2627 17 10
20170802 17.62 7.68 7.26 5.8 0.93 98484.56 RTS220 0.2627 0.2627 17 10
20170803 22.22 7.71 7.26 5.85 0.94 109143.3 RTS220 0.2627 0.2627 17 10
20170804 19.15 7.61 7.23 6.5 0.94 118949.73 RTS220 0.2627 0.2627 17 10
20170805 18.33 7.59 7.12 6.18 1.06 108176.16 RTS220 0.2627 0.2627 17 10
20170729 22.62 7.93 7.41 6.39 2.02 143480.86 RTS222 0.125 0.125 23 14
20170730 24.27 7.98 7.63 5.8 1.64 139362.37 RTS222 0.125 0.125 23 14
20170731 23.72 7.83 7.57 6.31 1.47 148439.85 RTS222 0.125 0.125 23 14
20170801 21.98 7.8 7.49 6.48 1.58 159525.59 RTS222 0.125 0.125 23 14
20170802 23.55 7.97 7.31 5.8 1.96 149595.2 RTS222 0.125 0.125 23 14
20170803 22.65 7.97 7.35 5.85 1.82 155506.77 RTS222 0.125 0.125 23 14
20170804 23.98 7.73 7.26 6.5 1.55 167186.46 RTS222 0.125 0.125 23 14
20170805 23.8 7.7 7.24 6.12 1.54 151103.22 RTS222 0.125 0.125 23 14
20170729 20.22 9.56 9.41 8.26 1.31 16036.61 RTS224 0.3585 0.3585 17 10
20170730 20.33 9.65 9.55 8.3 1.38 16961.92 RTS224 0.3585 0.3585 17 10
20170731 20.36 9.5 9.31 8.25 1.15 17671.31 RTS224 0.3585 0.3585 17 10
20170801 19.35 9.42 9.28 8.24 0.88 18712.21 RTS224 0.3585 0.3585 17 10
20170802 21.44 9.42 9.45 8.18 1.03 17375.76 RTS224 0.3585 0.3585 17 10
20170803 20.27 9.45 9.39 8.24 1.08 19657.15 RTS224 0.3585 0.3585 17 10
20170804 20.27 9.58 9.33 8.3 1.2 18152.45 RTS224 0.3585 0.3585 17 10
20170805 20.44 9.53 9.42 8.4 0.88 15751.93 RTS224 0.3585 0.3585 17 10
20170729 25.06 7.46 7.34 5.65 1.32 128651.65 RTS225 0.125 0.125 26 14
20170730 25.3 7.64 7.51 5.9 1.37 126804.43 RTS225 0.125 0.125 26 14
20170731 24.86 7.7 7.47 5.79 1.52 133723.24 RTS225 0.125 0.125 26 14
20170801 24.69 7.64 7.33 6.16 1.44 146693.26 RTS225 0.125 0.125 26 14
20170802 24.75 7.55 7.34 6.04 1.47 136293.77 RTS225 0.125 0.125 26 14
20170803 25.86 7.55 7.18 5.74 1.47 154227.59 RTS225 0.125 0.125 26 14
20170804 26.16 7.75 7.39 6.09 1.77 150783.12 RTS225 0.125 0.125 26 14
20170805 25.09 7.68 7.39 6.1 1.61 129604.09 RTS225 0.125 0.125 26 14
20170729 17.69 8.6 8.39 7.58 0.87 43164.58 RTS226 0.4875 0.375 25 20
20170730 19.59 8.81 8.64 7.71 0.9 41555.13 RTS226 0.4875 0.375 25 20
20170731 34.36 8.48 8.38 7.27 0.97 50478.33 RTS226 0.4875 0.375 25 20
20170801 17.5 8.51 8.24 7.48 0.78 51467.61 RTS226 0.4875 0.375 25 20
20170802 25.82 8.55 8.23 7.56 0.8 45551.12 RTS226 0.4875 0.375 25 20
20170803 25.52 8.59 8.35 7.56 0.85 47913.59 RTS226 0.4875 0.375 25 20
20170804 18.3 8.44 8.31 7.34 0.79 53711.2 RTS226 0.4875 0.375 25 20
20170805 18.81 8.6 8.49 7.47 0.77 44922.85 RTS226 0.4875 0.375 25 20
20170729 19.33 6.05 5.42 4.48 1.36 193794.39 RTS227 0.7357 0.7357 23 10
20170730 25.56 6.23 5.57 3.63 1.4 194507.3 RTS227 0.7357 0.7357 23 10
20170731 22.72 5.94 5.31 3.94 1.36 240314.39 RTS227 0.7357 0.7357 23 10
20170801 21.12 5.81 5.19 4.26 1.38 257371.78 RTS227 0.7357 0.7357 23 10
20170802 22.83 5.85 5.25 3.88 1.37 223342.31 RTS227 0.7357 0.7357 23 10
20170803 20.43 5.75 5.18 4.25 1.35 260833.14 RTS227 0.7357 0.7357 23 10
20170804 18.3 5.86 5.24 4.31 1.39 260414.4 RTS227 0.7357 0.7357 23 10
20170805 21.87 6.02 5.34 3.97 1.51 215089.46 RTS227 0.7357 0.7357 23 10
20170729 28.16 8.06 7.98 6.51 1.03 100044.26 RTS228 0.75 0.75 29 14
20170730 26.78 8.22 8.04 6.05 1.44 106982.93 RTS228 0.75 0.75 29 14
20170731 25.79 8.15 8.03 6.85 1.46 116858.38 RTS228 0.75 0.75 29 14
20170801 26.16 8.15 7.93 7.01 1.25 117954.4 RTS228 0.75 0.75 29 14
20170802 22.28 8.09 7.9 6.98 1.17 107385.34 RTS228 0.75 0.75 29 14
20170803 27.03 8.05 7.76 6.55 1.22 123148.64 RTS228 0.75 0.75 29 14
20170804 28.26 8.08 7.86 6.92 1.27 123612.5 RTS228 0.75 0.75 29 14
20170805 27.73 8.05 7.9 6.76 1.23 111070.55 RTS228 0.75 0.75 29 14
20170729 34.91 8.3 8.24 7.01 1.12 77211.67 RTS229 0.5709 0.5709 20 14
20170730 27.81 8.42 8.3 7.13 1.01 76412.87 RTS229 0.5709 0.5709 20 14
20170731 26.51 8.37 8.23 7.19 0.98 82887.79 RTS229 0.5709 0.5709 20 14
20170801 34.53 8.39 8.21 7.24 1.27 87428.63 RTS229 0.5709 0.5709 20 14
20170802 34.49 8.25 8.17 7.0 1.17 81974.59 RTS229 0.5709 0.5709 20 14
20170803 34.55 8.22 8.11 6.94 1.06 93121.47 RTS229 0.5709 0.5709 20 14
20170804 26.44 8.41 8.17 7.13 1.27 89336.52 RTS229 0.5709 0.5709 20 14
20170805 35.15 8.5 8.31 7.33 1.29 71672.97 RTS229 0.5709 0.5709 20 14
20170729 25.25 9.34 9.11 8.29 1.15 17509.27 RTS230 0.3834 0.3834 17 10
20170730 24.16 9.21 9.1 7.34 0.99 21719.1 RTS230 0.3834 0.3834 17 10
20170731 23.13 9.25 9.05 8.19 0.92 21485.23 RTS230 0.3834 0.3834 17 10
20170801 24.05 9.25 9.04 8.23 0.94 21915.92 RTS230 0.3834 0.3834 17 10
20170802 24.14 9.23 8.88 7.49 0.86 22574.55 RTS230 0.3834 0.3834 17 10
20170803 23.14 8.78 8.59 7.82 0.78 34768.52 RTS230 0.3834 0.3834 17 10
20170804 23.67 9.09 8.9 8.14 0.83 25576.14 RTS230 0.3834 0.3834 17 10
20170805 21.65 9.25 9.04 8.23 0.83 19808.01 RTS230 0.3834 0.3834 17 10
20170729 22.21 7.99 7.79 5.71 1.28 117413.45 RTS232 0.3573 0.3573 23 14
20170730 19.29 8.09 7.96 5.52 1.31 118257.48 RTS232 0.3573 0.3573 23 14
20170731 21.96 7.78 7.45 5.45 1.21 136934.65 RTS232 0.3573 0.3573 23 14
20170801 25.9 7.7 7.41 5.34 1.36 154552.9 RTS232 0.3573 0.3573 23 14
20170802 25.59 7.87 7.61 5.53 1.27 126766.66 RTS232 0.3573 0.3573 23 14
20170803 25.66 7.78 7.53 5.5 1.18 144474.01 RTS232 0.3573 0.3573 23 14
20170804 24.79 7.23 7.01 4.82 1.34 189445.61 RTS232 0.3573 0.3573 23 14
20170805 25.41 7.57 7.44 5.98 1.31 137171.37 RTS232 0.3573 0.3573 23 14
20170729 27.83 7.74 7.44 6.06 1.51 90448.59 RTS47 0.4049 0.4049 20 14
20170730 27.12 7.88 7.55 5.46 1.33 82804.33 RTS47 0.4049 0.4049 20 14
20170731 26.65 7.67 7.52 5.57 1.2 94564.49 RTS47 0.4049 0.4049 20 14
20170801 28.79 7.66 7.35 6.33 1.25 95209.52 RTS47 0.4049 0.4049 20 14
20170802 26.09 7.67 7.37 6.35 1.27 83389.34 RTS47 0.4049 0.4049 20 14
20170803 20.16 7.62 7.35 6.33 1.12 96076.6 RTS47 0.4049 0.4049 20 14
20170804 28.1 7.66 7.37 6.35 1.26 99613.31 RTS47 0.4049 0.4049 20 14
20170805 28.48 7.54 7.22 6.2 1.14 96594.15 RTS47 0.4049 0.4049 20 14
20170729 24.21 7.76 7.5 6.26 1.29 60357.94 RTS48 0.1611 0.1611 17 10
20170730 25.83 7.87 7.7 5.9 1.22 60736.33 RTS48 0.1611 0.1611 17 10
20170731 30.11 7.87 7.74 6.35 1.21 64291.48 RTS48 0.1611 0.1611 17 10
20170801 22.36 7.83 7.57 6.78 1.21 67210.26 RTS48 0.1611 0.1611 17 10
20170802 26.01 7.77 7.45 6.33 1.26 59485.64 RTS48 0.1611 0.1611 17 10
20170803 25.26 7.83 7.7 6.37 1.25 67998.29 RTS48 0.1611 0.1611 17 10
20170804 23.61 7.77 7.37 6.43 1.29 78547.55 RTS48 0.1611 0.1611 17 10
20170805 24.6 7.79 7.57 6.7 1.25 66443.24 RTS48 0.1611 0.1611 17 10
20170729 18.17 6.26 5.76 4.83 1.16 150031.42 RTS49 0.75 0.75 25 14
20170730 21.53 6.29 5.82 4.88 1.15 158846.16 RTS49 0.75 0.75 25 14
20170731 18.75 6.09 5.65 5.08 1.11 177719.46 RTS49 0.75 0.75 25 14
20170801 18.66 6.2 5.73 4.8 1.11 177011.23 RTS49 0.75 0.75 25 14
20170802 19.24 6.16 5.7 4.76 1.11 164774.95 RTS49 0.75 0.75 25 14
20170803 18.4 6.19 5.73 4.79 1.06 182222.07 RTS49 0.75 0.75 25 14
20170804 17.38 6.21 5.72 4.79 1.1 183711.95 RTS49 0.75 0.75 25 14
20170805 24.27 6.22 5.74 4.81 1.1 157478.35 RTS49 0.75 0.75 25 14
20170729 26.77 6.94 6.72 5.13 1.37 180342.23 RTS52 0.6516 0.5766 30 20
20170730 25.93 7.06 6.81 4.58 1.38 191152.06 RTS52 0.6516 0.5766 30 20
20170731 25.69 6.9 6.7 5.5 1.31 207370.64 RTS52 0.6516 0.5766 30 20
20170801 30.41 6.94 6.79 5.17 1.32 208747.59 RTS52 0.6516 0.5766 30 20
20170802 33.3 6.83 6.66 5.44 1.29 198276.77 RTS52 0.6516 0.5766 30 20
20170803 32.46 7.02 6.75 5.29 1.3 211729.86 RTS52 0.6516 0.5766 30 20
20170804 25.27 6.95 6.68 5.24 1.27 221247.84 RTS52 0.6516 0.5766 30 20
20170805 32.18 6.93 6.58 5.2 1.35 199874.4 RTS52 0.6516 0.5766 30 20
20170729 37.35 9.3 8.31 6.91 3.05 118960.71 RTS56 0.0941 0.0941 20 14
20170730 33.97 9.49 8.49 6.19 3.18 121835.18 RTS56 0.0941 0.0941 20 14
20170731 37.4 9.27 8.21 6.43 3.14 142578.69 RTS56 0.0941 0.0941 20 14
20170801 32.71 9.28 8.2 6.45 3.1 147535.73 RTS56 0.0941 0.0941 20 14
20170802 32.09 9.29 8.26 6.8 3.15 130959.01 RTS56 0.0941 0.0941 20 14
20170803 33.12 9.17 8.05 6.47 3.06 152580.51 RTS56 0.0941 0.0941 20 14
20170804 37.09 9.24 8.25 6.94 3.05 149450.5 RTS56 0.0941 0.0941 20 14
20170805 37.78 9.06 8.21 6.46 2.97 127605.24 RTS56 0.0941 0.0941 20 14
20170729 18.15 7.99 7.71 6.5 1.17 95169.81 RTS57 0.875 0.875 24 14
20170730 20.79 7.89 7.69 5.31 1.18 121024.58 RTS57 0.875 0.875 24 14
20170731 19.96 7.92 7.82 6.39 1.14 118849.39 RTS57 0.875 0.875 24 14
20170801 19.6 7.96 7.88 5.68 1.11 114218.25 RTS57 0.875 0.875 24 14
20170802 20.24 7.84 7.78 6.36 1.19 103048.58 RTS57 0.875 0.875 24 14
20170803 23.12 7.92 7.8 6.08 1.2 110401.58 RTS57 0.875 0.875 24 14
20170804 19.1 7.84 7.68 6.29 1.2 122323.17 RTS57 0.875 0.875 24 14
20170805 23.0 7.8 7.46 5.91 1.33 105904.19 RTS57 0.875 0.875 24 14
20170729 31.86 8.32 7.9 6.41 1.75 100486.51 RTS58 0.0489 0.0489 17 10
20170730 32.9 8.52 8.08 6.43 1.66 97918.35 RTS58 0.0489 0.0489 17 10
20170731 30.93 8.29 8.07 6.32 1.69 111288.68 RTS58 0.0489 0.0489 17 10
20170801 30.3 8.24 7.9 6.2 1.96 123326.98 RTS58 0.0489 0.0489 17 10
20170802 30.2 8.32 8.14 6.39 1.74 104693.37 RTS58 0.0489 0.0489 17 10
20170803 39.77 8.39 8.09 6.91 1.82 116416.17 RTS58 0.0489 0.0489 17 10
20170804 30.53 8.54 8.28 7.01 1.8 107313.58 RTS58 0.0489 0.0489 17 10
20170805 30.83 8.35 8.11 6.93 1.63 102198.25 RTS58 0.0489 0.0489 17 10
20170729 20.76 7.43 7.05 6.03 1.08 159199.87 RTS60 0.3106 0.3106 27 14
20170730 27.53 7.66 7.19 5.68 1.19 158060.33 RTS60 0.3106 0.3106 27 14
20170731 26.27 7.49 7.21 5.82 1.22 165174.76 RTS60 0.3106 0.3106 27 14
20170801 27.36 7.49 7.23 5.85 1.11 167695.22 RTS60 0.3106 0.3106 27 14
20170802 27.05 7.48 7.24 6.21 1.09 152841.54 RTS60 0.3106 0.3106 27 14
20170803 25.19 7.52 7.16 6.33 1.14 164439.16 RTS60 0.3106 0.3106 27 14
20170804 22.33 7.53 7.2 6.31 1.11 168742.82 RTS60 0.3106 0.3106 27 14
20170805 23.11 7.43 7.19 6.15 1.13 155710.18 RTS60 0.3106 0.3106 27 14
20170729 37.75 5.87 5.31 4.37 1.38 193759.23 RTS62 0.2005 0.2005 17 10
20170730 30.62 6.04 5.49 3.55 1.42 190993.11 RTS62 0.2005 0.2005 17 10
20170731 38.38 5.88 5.35 3.98 1.39 211063.25 RTS62 0.2005 0.2005 17 10
20170801 37.52 5.92 5.37 4.0 1.42 212093.5 RTS62 0.2005 0.2005 17 10
20170802 35.91 5.86 5.29 4.34 1.42 206499.48 RTS62 0.2005 0.2005 17 10
20170803 37.26 5.85 5.32 4.38 1.41 226723.13 RTS62 0.2005 0.2005 17 10
20170804 35.39 5.93 5.37 4.44 1.4 219416.76 RTS62 0.2005 0.2005 17 10
20170805 36.37 5.94 5.39 4.45 1.4 192197.01 RTS62 0.2005 0.2005 17 10
20170729 38.1 10.23 10.8 6.06 1.8 345477.46 RTS63 0.1903 0.1903 20 14
20170730 40.66 10.49 11.12 5.46 1.87 348792.16 RTS63 0.1903 0.1903 20 14
20170731 30.66 10.23 10.35 5.57 1.85 384562.48 RTS63 0.1903 0.1903 20 14
20170801 32.51 10.19 10.87 6.33 1.85 400737.61 RTS63 0.1903 0.1903 20 14
20170802 32.61 10.15 10.35 6.35 1.84 363926.04 RTS63 0.1903 0.1903 20 14
20170803 42.21 10.19 10.96 6.33 1.99 395696.14 RTS63 0.1903 0.1903 20 14
20170804 25.77 10.21 10.93 6.35 1.88 399500.26 RTS63 0.1903 0.1903 20 14
20170805 32.75 10.05 10.32 6.2 1.96 373137.99 RTS63 0.1903 0.1903 20 14
20170729 20.78 9.17 9.09 7.67 1.28 29473.04 RTS67 0.2062 0.2062 30 10
20170730 22.43 9.47 9.38 7.19 1.42 27945.84 RTS67 0.2062 0.2062 30 10
20170731 22.12 9.01 8.68 7.73 1.27 37257.24 RTS67 0.2062 0.2062 30 10
20170801 31.37 9.08 8.95 7.76 1.35 37816.84 RTS67 0.2062 0.2062 30 10
20170802 20.84 9.06 9.07 7.6 1.32 34100.42 RTS67 0.2062 0.2062 30 10
20170803 21.7 9.22 9.17 7.78 1.23 33488.47 RTS67 0.2062 0.2062 30 10
20170804 22.93 9.15 9.1 7.73 1.35 35126.46 RTS67 0.2062 0.2062 30 10
20170805 29.66 9.24 9.02 7.91 1.31 28352.53 RTS67 0.2062 0.2062 30 10
20170729 28.36 8.58 8.22 7.08 1.68 65608.15 RTS68 0.1925 0.1925 20 14
20170730 39.05 8.77 8.47 6.17 1.82 65712.25 RTS68 0.1925 0.1925 20 14
20170731 33.07 8.55 8.22 6.72 1.75 68469.02 RTS68 0.1925 0.1925 20 14
20170801 31.14 8.39 8.17 6.95 1.54 75290.92 RTS68 0.1925 0.1925 20 14
20170802 40.04 8.45 8.17 6.63 1.73 65904.63 RTS68 0.1925 0.1925 20 14
20170803 35.04 8.23 8.11 6.91 1.42 79341.49 RTS68 0.1925 0.1925 20 14
20170804 35.51 8.2 8.07 6.85 1.35 82339.78 RTS68 0.1925 0.1925 20 14
20170805 34.09 8.36 8.12 6.96 1.63 68289.73 RTS68 0.1925 0.1925 20 14
20170729 29.28 6.64 5.85 4.03 2.11 289493.35 RTS70 0.0498 0.0498 20 14
20170730 33.18 6.73 6.0 4.18 1.95 284736.68 RTS70 0.0498 0.0498 20 14
20170731 27.56 6.59 5.87 4.51 1.92 314377.47 RTS70 0.0498 0.0498 20 14
20170801 28.7 6.62 5.88 4.86 2.0 331625.91 RTS70 0.0498 0.0498 20 14
20170802 26.04 6.65 5.86 4.49 2.06 311527.14 RTS70 0.0498 0.0498 20 14
20170803 27.5 6.68 5.93 4.55 1.94 335884.56 RTS70 0.0498 0.0498 20 14
20170804 26.13 6.61 5.91 4.53 1.87 335517.64 RTS70 0.0498 0.0498 20 14
20170805 25.42 6.55 5.87 4.49 1.87 292349.84 RTS70 0.0498 0.0498 20 14
20170729 25.97 8.07 7.79 6.41 1.29 64490.39 RTS72 0.8188 0.8188 24 14
20170730 22.12 8.4 8.09 6.7 1.29 59044.28 RTS72 0.8188 0.8188 24 14
20170731 21.13 8.03 7.68 6.32 1.24 73213.83 RTS72 0.8188 0.8188 24 14
20170801 31.66 7.86 7.57 6.2 1.33 82537.0 RTS72 0.8188 0.8188 24 14
20170802 21.86 8.07 7.57 6.39 1.35 68898.11 RTS72 0.8188 0.8188 24 14
20170803 23.36 8.17 7.77 6.91 1.31 74359.22 RTS72 0.8188 0.8188 24 14
20170804 27.75 8.25 7.81 7.01 1.3 71549.06 RTS72 0.8188 0.8188 24 14
20170805 20.25 8.24 7.95 6.93 1.24 60294.73 RTS72 0.8188 0.8188 24 14
20170729 26.83 7.44 7.05 6.02 1.51 108770.89 RTS73 0.25 0.25 22 14
20170730 26.62 7.57 7.26 5.07 1.45 111136.7 RTS73 0.25 0.25 22 14
20170731 26.43 7.39 7.0 5.98 1.46 121354.46 RTS73 0.25 0.25 22 14
20170801 26.43 7.33 7.04 5.65 1.45 126700.22 RTS73 0.25 0.25 22 14
20170802 21.06 7.4 7.08 5.7 1.38 102297.19 RTS73 0.25 0.25 22 14
20170803 21.63 7.36 7.08 6.06 1.32 120913.25 RTS73 0.25 0.25 22 14
20170804 21.52 7.43 7.13 5.75 1.36 122002.93 RTS73 0.25 0.25 22 14
20170805 26.58 7.42 7.05 5.67 1.47 105689.6 RTS73 0.25 0.25 22 14
20170729 21.21 9.17 9.09 7.86 1.13 33678.01 RTS76 0.034 0.034 22 14
20170730 20.85 9.13 9.18 7.81 1.03 37898.71 RTS76 0.034 0.034 22 14
20170731 20.07 9.01 8.82 7.69 1.01 38569.7 RTS76 0.034 0.034 22 14
20170801 26.77 9.1 9.03 7.86 1.02 38551.14 RTS76 0.034 0.034 22 14
20170802 19.89 9.13 8.94 7.86 1.01 35022.24 RTS76 0.034 0.034 22 14
20170803 27.64 9.2 9.08 7.91 1.08 38265.12 RTS76 0.034 0.034 22 14
20170804 28.51 8.79 8.43 7.78 0.95 46866.74 RTS76 0.034 0.034 22 14
20170805 20.3 9.14 9.0 7.98 0.99 34228.85 RTS76 0.034 0.034 22 14
20170729 20.23 9.37 8.52 7.95 2.09 15657.72 RTS78 0.1876 0.1876 20 20
20170730 22.28 9.41 8.69 8.12 1.79 15110.09 RTS78 0.1876 0.1876 20 20
20170731 21.97 9.57 9.16 8.16 2.08 15565.61 RTS78 0.1876 0.1876 20 20
20170801 21.51 9.51 9.12 8.18 1.97 15373.2 RTS78 0.1876 0.1876 20 20
20170802 20.83 9.56 9.17 8.21 1.98 13310.13 RTS78 0.1876 0.1876 20 20
20170803 29.3 9.2 8.91 7.89 1.72 18280.47 RTS78 0.1876 0.1876 20 20
20170804 28.59 9.59 9.25 8.26 1.96 15347.17 RTS78 0.1876 0.1876 20 20
20170805 29.16 9.6 9.24 8.11 2.06 13635.66 RTS78 0.1876 0.1876 20 20
20170729 33.07 10.18 10.47 7.27 1.51 416996.7 RTS79 0.3914 0.3914 20 14
20170730 28.25 10.43 10.79 6.92 1.61 425436.63 RTS79 0.3914 0.3914 20 14
20170731 27.72 10.29 10.65 7.13 1.59 446749.41 RTS79 0.3914 0.3914 20 14
20170801 32.68 10.19 10.53 7.04 1.59 485435.25 RTS79 0.3914 0.3914 20 14
20170802 26.56 10.23 10.64 6.75 1.63 419018.91 RTS79 0.3914 0.3914 20 14
20170803 33.75 10.26 10.61 7.33 1.56 469822.93 RTS79 0.3914 0.3914 20 14
20170804 29.34 10.24 10.5 7.4 1.5 491402.5 RTS79 0.3914 0.3914 20 14
20170805 26.41 10.2 10.56 6.55 1.55 430953.35 RTS79 0.3914 0.3914 20 14
20170729 22.47 5.67 5.26 3.89 1.4 410416.32 RTS82 0.0518 0.0518 20 14
20170730 24.64 5.83 5.41 3.34 1.41 413979.4 RTS82 0.0518 0.0518 20 14
20170731 22.99 5.68 5.28 3.91 1.42 454536.83 RTS82 0.0518 0.0518 20 14
20170801 22.95 5.7 5.28 3.91 1.49 457417.74 RTS82 0.0518 0.0518 20 14
20170802 21.25 5.73 5.32 3.94 1.43 412605.27 RTS82 0.0518 0.0518 20 14
20170803 24.92 5.73 5.3 3.93 1.57 453024.07 RTS82 0.0518 0.0518 20 14
20170804 24.4 5.79 5.34 3.96 1.57 448599.12 RTS82 0.0518 0.0518 20 14
20170805 21.59 5.68 5.22 3.85 1.42 405891.93 RTS82 0.0518 0.0518 20 14
20170729 23.07 8.32 8.12 6.73 1.18 36656.17 RTS83 0.3266 0.3266 21 14
20170730 20.26 8.34 8.16 6.77 1.26 41143.86 RTS83 0.3266 0.3266 21 14
20170731 20.89 8.02 7.39 6.45 1.27 46714.15 RTS83 0.3266 0.3266 21 14
20170801 20.42 8.11 7.95 6.57 1.11 48575.92 RTS83 0.3266 0.3266 21 14
20170802 19.91 8.31 7.94 6.6 1.8 44599.35 RTS83 0.3266 0.3266 21 14
20170803 18.69 9.12 7.86 5.9 3.0 69359.04 RTS83 0.3266 0.3266 21 14
20170804 20.25 8.34 7.94 6.55 1.95 50932.52 RTS83 0.3266 0.3266 21 14
20170805 19.94 8.47 8.01 6.62 2.06 42181.5 RTS83 0.3266 0.3266 21 14
20170729 24.17 8.6 8.4 7.46 0.94 12689.79 RTS87 0.6282 0.6282 25 14
20170730 24.47 8.98 8.74 7.35 1.01 11374.88 RTS87 0.6282 0.6282 25 14
20170731 29.06 8.68 8.44 7.5 1.09 13983.06 RTS87 0.6282 0.6282 25 14
20170801 39.06 8.7 8.45 7.51 1.19 14476.1 RTS87 0.6282 0.6282 25 14
20170802 24.83 8.6 8.37 7.8 0.98 13547.52 RTS87 0.6282 0.6282 25 14
20170803 14.7 8.64 8.42 7.85 0.84 14545.73 RTS87 0.6282 0.6282 25 14
20170804 24.96 8.26 8.11 7.54 0.88 18463.71 RTS87 0.6282 0.6282 25 14
20170805 38.8 8.75 8.51 7.93 1.29 12120.41 RTS87 0.6282 0.6282 25 14
20170729 41.73 6.68 5.42 4.48 2.76 247201.91 RTS90 0.25 0.25 20 14
20170730 41.61 6.9 6.02 3.63 2.81 257811.47 RTS90 0.25 0.25 20 14
20170731 35.22 6.63 5.31 3.94 2.85 293399.21 RTS90 0.25 0.25 20 14
20170801 36.92 6.37 5.19 4.26 2.66 302523.4 RTS90 0.25 0.25 20 14
20170802 35.71 6.38 5.25 3.88 2.67 257765.72 RTS90 0.25 0.25 20 14
20170803 41.44 6.28 5.18 4.25 2.68 307454.88 RTS90 0.25 0.25 20 14
20170804 35.78 6.32 5.24 4.31 2.5 301490.35 RTS90 0.25 0.25 20 14
20170805 42.38 6.48 5.34 3.97 2.52 255507.7 RTS90 0.25 0.25 20 14
20170729 37.7 9.16 9.01 7.8 1.65 31717.08 RTS91 0.2561 0.2561 17 10
20170730 29.18 9.35 9.05 8.08 1.55 30955.62 RTS91 0.2561 0.2561 17 10
20170731 37.39 9.2 8.85 7.69 1.94 36565.68 RTS91 0.2561 0.2561 17 10
20170801 29.37 9.24 8.85 7.83 1.76 37307.8 RTS91 0.2561 0.2561 17 10
20170802 37.85 9.38 8.77 8.0 1.97 30498.61 RTS91 0.2561 0.2561 17 10
20170803 29.6 9.15 8.69 7.77 2.0 36494.12 RTS91 0.2561 0.2561 17 10
20170804 30.7 9.41 8.8 7.96 2.0 34774.9 RTS91 0.2561 0.2561 17 10
20170805 27.91 9.46 9.08 7.95 1.97 29886.61 RTS91 0.2561 0.2561 17 10
20170729 26.28 8.64 8.23 6.99 1.66 58910.34 RTS94 0.0935 0.0935 20 14
20170730 26.82 8.83 8.2 6.34 2.2 58935.9 RTS94 0.0935 0.0935 20 14
20170731 26.98 8.6 8.15 7.47 1.65 60177.93 RTS94 0.0935 0.0935 20 14
20170801 27.45 8.38 8.05 7.11 1.33 68950.25 RTS94 0.0935 0.0935 20 14
20170802 27.95 8.49 8.06 7.04 1.65 59040.41 RTS94 0.0935 0.0935 20 14
20170803 26.85 8.46 8.06 7.39 1.21 61021.71 RTS94 0.0935 0.0935 20 14
20170804 27.4 8.54 8.08 7.14 1.21 54515.46 RTS94 0.0935 0.0935 20 14
20170805 19.47 8.66 8.45 7.54 1.36 49161.17 RTS94 0.0935 0.0935 20 14
20170729 25.74 8.04 7.84 6.6 1.22 136035.53 RTS96 0.0995 0.0995 20 17
20170730 26.73 8.2 7.96 6.57 1.29 135157.81 RTS96 0.0995 0.0995 20 17
20170731 24.96 8.11 7.9 6.88 1.32 147335.51 RTS96 0.0995 0.0995 20 17
20170801 25.55 8.07 7.87 6.85 1.33 157550.66 RTS96 0.0995 0.0995 20 17
20170802 24.7 7.94 7.67 6.34 1.22 146521.04 RTS96 0.0995 0.0995 20 17
20170803 23.93 7.98 7.84 6.87 1.16 171870.81 RTS96 0.0995 0.0995 20 17
20170804 23.97 8.0 7.8 6.85 1.19 171024.97 RTS96 0.0995 0.0995 20 17
20170805 41.26 8.07 7.87 6.64 1.21 138994.96 RTS96 0.0995 0.0995 20 17
20170729 24.19 7.07 6.34 5.77 1.44 94725.11 RTS98 0.5789 0.5789 27 14
20170730 24.49 7.29 6.52 5.95 1.5 94705.02 RTS98 0.5789 0.5789 27 14
20170731 24.24 7.02 6.29 5.71 1.45 108926.54 RTS98 0.5789 0.5789 27 14
20170801 27.33 7.08 6.35 5.41 1.46 107173.89 RTS98 0.5789 0.5789 27 14
20170802 28.79 7.12 6.38 5.8 1.57 94939.59 RTS98 0.5789 0.5789 27 14
20170803 27.21 7.07 6.35 5.77 1.47 107199.54 RTS98 0.5789 0.5789 27 14
20170804 26.52 6.93 6.19 5.62 1.45 114632.55 RTS98 0.5789 0.5789 27 14
20170805 29.42 7.0 6.28 5.71 1.48 95587.28 RTS98 0.5789 0.5789 27 14
20170729 26.53 9.45 8.93 8.35 1.5 9849.16 RTS99 0.4824 0.4824 27 14
20170730 26.3 9.49 9.03 8.46 1.27 9862.43 RTS99 0.4824 0.4824 27 14
20170731 22.08 9.21 8.79 8.21 0.99 11947.65 RTS99 0.4824 0.4824 27 14
20170801 26.16 8.85 8.5 7.92 1.35 14932.26 RTS99 0.4824 0.4824 27 14
20170802 25.93 8.94 8.6 8.03 1.3 12017.26 RTS99 0.4824 0.4824 27 14
20170803 35.45 9.27 8.79 8.22 1.47 13028.82 RTS99 0.4824 0.4824 27 14
20170804 26.01 9.29 8.8 8.23 1.23 13043.12 RTS99 0.4824 0.4824 27 14
20170805 25.89 9.38 8.88 8.31 1.11 11127.18 RTS99 0.4824 0.4824 27 14
