Silent date topic max mean median min stdv sum rt st
0 20160802 MB226 7.85 1.05 0.81 0.75 0.59 17513.71 3.0 9.0
0 20160803 MB226 8.59 0.94 0.73 0.71 0.64 12595.82 3.0 9.0
0 20160804 MB226 10.08 0.95 0.74 0.68 0.63 12771.67 3.0 9.0
1 20160805 MB226 9.99 0.9 0.73 0.71 0.65 10484.66 3.0 9.0
0 20160806 MB226 8.17 1.12 0.87 0.81 0.57 14186.7 3.0 9.0
0 20160807 MB226 10.66 0.88 0.72 0.69 0.65 9503.06 3.0 9.0
0 20160808 MB226 8.38 1.17 0.93 0.86 0.54 12105.13 3.0 9.0
0 20160809 MB226 7.32 0.86 0.71 0.69 0.63 10807.15 3.0 9.0
1 20160810 MB226 10.02 1.07 0.84 0.78 0.6 15020.5 3.0 9.0
1 20160811 MB226 9.23 0.87 0.71 0.7 0.65 10691.99 3.0 9.0
1 20160802 MB229 10.5 2.9 2.86 2.42 0.8 11211.29 3.0 6.0
1 20160803 MB229 11.04 2.7 2.85 2.16 0.84 9264.68 3.0 6.0
1 20160804 MB229 10.43 2.7 2.84 2.17 0.79 9120.72 3.0 6.0
1 20160805 MB229 10.53 2.74 2.9 2.2 0.83 8124.81 3.0 6.0
1 20160806 MB229 11.06 3.08 2.97 2.62 0.83 8081.9 3.0 6.0
1 20160807 MB229 8.85 2.59 2.36 2.22 0.7 8333.4 3.0 6.0
1 20160808 MB229 9.66 2.91 2.76 2.43 0.83 8066.86 3.0 6.0
1 20160809 MB229 9.85 2.57 2.55 2.05 0.84 9601.83 3.0 6.0
1 20160810 MB229 10.68 2.82 2.94 2.26 0.79 10375.91 3.0 6.0
1 20160811 MB229 8.46 2.66 2.48 2.12 0.9 11098.53 3.0 6.0
0 20160802 MB230 6.94 2.2 1.86 1.81 0.45 13247.97 3.0 7.0
0 20160803 MB230 4.56 2.03 1.72 1.7 0.41 11259.1 3.0 7.0
0 20160804 MB230 5.16 2.15 1.79 1.77 0.44 10368.14 3.0 7.0
0 20160805 MB230 5.46 2.19 1.79 1.77 0.5 8932.08 3.0 7.0
1 20160806 MB230 5.22 2.27 2.09 2.07 0.4 10391.47 3.0 7.0
0 20160807 MB230 5.78 2.32 1.91 1.89 0.52 7260.76 3.0 7.0
0 20160808 MB230 5.62 2.56 2.48 2.24 0.41 7530.56 3.0 7.0
0 20160809 MB230 5.08 2.09 1.66 1.65 0.57 9260.23 3.0 7.0
0 20160810 MB230 5.29 2.12 1.73 1.71 0.5 12547.18 3.0 7.0
0 20160811 MB230 5.52 2.03 1.6 1.59 0.59 9529.28 3.0 7.0
0 20160802 MB239 7.56 2.25 1.84 1.82 0.8 9277.71 3.0 8.0
0 20160803 MB239 6.67 2.22 1.77 1.76 0.68 8948.28 3.0 8.0
0 20160804 MB239 6.89 2.18 1.75 1.72 0.76 7895.67 3.0 8.0
0 20160805 MB239 6.34 2.11 1.7 1.69 0.78 7044.57 3.0 8.0
0 20160806 MB239 5.91 2.48 2.03 2.02 0.7 7522.12 3.0 8.0
0 20160807 MB239 7.32 2.3 1.87 1.86 0.79 5854.88 3.0 8.0
1 20160808 MB239 8.05 2.59 2.14 2.09 0.84 5470.11 3.0 8.0
0 20160809 MB239 7.15 1.86 1.49 1.47 0.78 7968.41 3.0 8.0
1 20160810 MB239 8.99 2.04 1.64 1.59 0.84 9416.19 3.0 8.0
0 20160811 MB239 6.02 2.05 1.64 1.62 0.78 7491.82 3.0 8.0
1 20160802 MB254 5.59 2.71 2.41 2.4 0.39 6396.93 3.0 6.5
1 20160803 MB254 4.61 2.63 2.4 2.38 0.33 5198.76 3.0 6.5
0 20160804 MB254 5.59 2.71 2.47 2.46 0.36 4946.4 3.0 6.5
0 20160805 MB254 5.08 2.54 2.4 2.38 0.2 5286.37 3.0 6.5
0 20160806 MB254 4.35 2.92 2.79 2.77 0.21 4737.63 3.0 6.5
0 20160807 MB254 5.25 2.58 2.35 2.34 0.34 4511.91 3.0 6.5
0 20160808 MB254 6.15 3.08 2.87 2.84 0.33 3730.41 3.0 6.5
1 20160809 MB254 5.87 2.53 2.29 2.27 0.35 5154.67 3.0 6.5
0 20160810 MB254 5.66 2.82 2.66 2.64 0.25 5663.77 3.0 6.5
0 20160811 MB254 4.66 2.23 1.99 1.98 0.35 6242.08 3.0 6.5
1 20160802 MB256 16.17 1.98 1.47 1.37 1.06 25202.4 3.0 6.0
0 20160803 MB256 14.36 1.9 1.41 1.39 0.9 21114.98 3.0 6.0
1 20160804 MB256 11.74 1.85 1.43 1.36 0.9 19304.03 3.0 6.0
1 20160805 MB256 10.15 1.82 1.41 1.36 0.89 17216.36 3.0 6.0
1 20160806 MB256 13.28 2.07 1.66 1.55 0.93 17457.0 3.0 6.0
1 20160807 MB256 16.5 1.78 1.35 1.33 0.91 15858.1 3.0 6.0
1 20160808 MB256 11.61 2.07 1.74 1.42 0.92 15293.79 3.0 6.0
1 20160809 MB256 10.82 1.79 1.47 1.29 0.86 17549.1 3.0 6.0
1 20160810 MB256 11.08 1.88 1.66 1.3 0.84 20978.69 3.0 6.0
1 20160811 MB256 10.35 1.77 1.44 1.3 0.84 17444.81 3.0 6.0
1 20160802 MB258 8.84 1.34 1.0 0.97 0.75 15567.79 4.0 6.0
1 20160803 MB258 6.01 1.31 0.98 0.96 0.74 12054.62 4.0 6.0
1 20160804 MB258 5.91 1.3 0.98 0.96 0.73 12134.77 4.0 6.0
1 20160805 MB258 5.83 1.16 0.86 0.81 0.72 11647.18 4.0 6.0
1 20160806 MB258 6.5 1.46 1.13 1.08 0.78 11466.81 4.0 6.0
1 20160807 MB258 5.88 1.25 0.94 0.91 0.73 10089.61 4.0 6.0
1 20160808 MB258 6.92 1.42 1.12 1.1 0.77 9673.27 4.0 6.0
1 20160809 MB258 5.9 1.2 0.89 0.88 0.72 11610.78 4.0 6.0
1 20160810 MB258 7.34 1.46 1.12 1.08 0.75 13471.2 4.0 6.0
1 20160811 MB258 5.63 1.3 0.96 0.95 0.71 11724.06 4.0 6.0
1 20160802 MB265 7.72 2.75 2.38 2.37 0.86 5658.01 3.0 7.5
0 20160803 MB265 6.96 2.51 2.12 2.1 0.97 5077.31 3.0 7.5
1 20160804 MB265 7.43 2.53 2.21 2.16 0.87 4526.05 3.0 7.5
1 20160805 MB265 7.22 2.41 2.09 2.08 0.85 4598.9 3.0 7.5
0 20160806 MB265 7.12 2.75 2.42 2.38 0.79 4404.67 3.0 7.5
1 20160807 MB265 7.31 2.47 2.14 2.13 0.83 4048.34 3.0 7.5
1 20160808 MB265 7.52 2.84 2.52 2.46 0.82 3539.66 3.0 7.5
1 20160809 MB265 7.39 2.51 2.18 2.17 0.81 4417.66 3.0 7.5
1 20160810 MB265 7.27 2.75 2.41 2.36 0.85 4964.41 3.0 7.5
0 20160811 MB265 6.95 2.58 2.27 2.25 0.77 4196.13 3.0 7.5
1 20160802 MB267 9.65 2.13 2.08 1.57 0.72 22846.83 6.0 6.0
1 20160803 MB267 9.37 2.03 1.9 1.46 0.76 18007.67 6.0 6.0
1 20160804 MB267 8.86 1.99 1.8 1.49 0.71 18365.74 6.0 6.0
1 20160805 MB267 7.59 1.99 1.75 1.48 0.7 16522.42 6.0 6.0
1 20160806 MB267 8.16 2.17 1.86 1.68 0.71 17860.36 6.0 6.0
1 20160807 MB267 7.24 1.83 1.61 1.37 0.67 17257.9 6.0 6.0
1 20160808 MB267 9.75 2.25 2.08 1.77 0.69 15119.54 6.0 6.0
1 20160809 MB267 10.39 2.0 1.79 1.49 0.7 17359.9 6.0 6.0
1 20160810 MB267 10.97 2.14 1.93 1.6 0.72 20999.66 6.0 6.0
1 20160811 MB267 7.09 2.03 1.81 1.45 0.7 17658.62 6.0 6.0
1 20160802 MB276 7.54 2.45 2.29 2.0 0.55 14947.26 3.0 6.5
1 20160803 MB276 6.14 2.39 2.2 1.97 0.56 11574.71 3.0 6.5
1 20160804 MB276 6.06 2.37 2.13 1.93 0.62 11564.72 3.0 6.5
1 20160805 MB276 6.14 2.47 2.19 2.12 0.54 10106.18 3.0 6.5
0 20160806 MB276 6.35 2.65 2.32 2.26 0.57 10333.53 3.0 6.5
1 20160807 MB276 6.13 2.4 2.11 2.02 0.53 9210.32 3.0 6.5
1 20160808 MB276 6.96 2.85 2.53 2.46 0.63 7629.17 3.0 6.5
1 20160809 MB276 7.4 2.39 2.08 2.05 0.56 10585.39 3.0 6.5
1 20160810 MB276 7.86 2.58 2.27 2.21 0.59 12216.12 3.0 6.5
1 20160811 MB276 5.82 2.36 2.07 2.0 0.51 10891.21 3.0 6.5
1 20160802 MB286 6.71 1.49 1.09 0.95 0.65 39638.04 3.0 6.5
0 20160803 MB286 6.3 1.37 0.98 0.89 0.61 32285.84 3.0 6.5
1 20160804 MB286 5.99 1.35 1.02 0.89 0.59 31919.08 3.0 6.5
1 20160805 MB286 6.78 1.31 0.99 0.84 0.61 29763.97 3.0 6.5
1 20160806 MB286 6.52 1.57 1.29 1.14 0.66 30401.64 3.0 6.5
1 20160807 MB286 8.22 1.37 1.04 0.96 0.6 25665.32 3.0 6.5
1 20160808 MB286 6.64 1.53 1.11 1.04 0.66 26996.88 3.0 6.5
1 20160809 MB286 6.59 1.27 0.92 0.84 0.57 31854.19 3.0 6.5
1 20160810 MB286 5.77 1.41 1.08 0.9 0.61 38537.55 3.0 6.5
1 20160811 MB286 6.01 1.24 0.87 0.85 0.57 31435.32 3.0 6.5
1 20160802 MB319 9.94 3.29 3.14 2.85 0.58 8312.78 3.0 8.5
1 20160803 MB319 6.84 3.19 3.02 2.84 0.48 7115.23 3.0 8.5
1 20160804 MB319 10.18 3.3 3.11 2.99 0.5 6431.17 3.0 8.5
1 20160805 MB319 8.15 3.26 3.0 2.97 0.46 6039.84 3.0 8.5
1 20160806 MB319 10.75 3.6 3.36 3.29 0.49 5646.42 3.0 8.5
1 20160807 MB319 13.37 3.27 3.03 2.95 0.56 5429.5 3.0 8.5
1 20160808 MB319 11.17 3.69 3.77 3.12 0.67 4372.88 3.0 8.5
1 20160809 MB319 10.02 3.32 3.06 3.05 0.48 5931.39 3.0 8.5
1 20160810 MB319 10.88 3.63 3.38 3.32 0.58 6308.01 3.0 8.5
1 20160811 MB319 10.6 3.32 3.11 2.98 0.57 5913.52 3.0 8.5
1 20160802 MB320 11.86 4.31 3.93 3.91 0.75 2116.3 3.0 7.5
1 20160803 MB320 8.51 4.21 3.82 3.81 0.7 1844.06 3.0 7.5
1 20160804 MB320 8.63 4.43 4.08 4.07 0.66 1642.62 3.0 7.5
1 20160805 MB320 8.5 4.24 3.84 3.82 0.68 1595.97 3.0 7.5
1 20160806 MB320 9.16 4.53 4.11 4.09 0.79 1511.45 3.0 7.5
1 20160807 MB320 11.63 4.32 3.86 3.85 0.96 1310.46 3.0 7.5
0 20160808 MB320 7.27 4.63 4.26 4.19 0.61 1199.68 3.0 7.5
1 20160809 MB320 10.45 4.34 3.91 3.89 0.87 1607.38 3.0 7.5
1 20160810 MB320 11.45 4.59 4.17 4.15 1.0 1828.66 3.0 7.5
1 20160811 MB320 8.64 4.37 4.01 3.99 0.66 1532.63 3.0 7.5
1 20160802 MB332 4.09 1.44 1.08 1.02 0.61 17137.9 3.0 6.0
1 20160803 MB332 4.09 1.38 1.03 0.98 0.57 14238.1 3.0 6.0
1 20160804 MB332 4.27 1.39 1.04 0.99 0.59 13656.55 3.0 6.0
1 20160805 MB332 4.23 1.23 0.9 0.88 0.58 13274.8 3.0 6.0
1 20160806 MB332 4.42 1.44 1.1 1.03 0.59 14254.51 3.0 6.0
0 20160807 MB332 4.25 1.37 1.02 1.01 0.58 11395.32 3.0 6.0
1 20160808 MB332 4.9 1.67 1.29 1.23 0.63 10784.34 3.0 6.0
1 20160809 MB332 4.01 1.34 0.99 0.94 0.57 13399.59 3.0 6.0
1 20160810 MB332 4.72 1.5 1.13 1.04 0.62 15241.28 3.0 6.0
1 20160811 MB332 4.87 1.3 0.95 0.93 0.58 13359.01 3.0 6.0
1 20160802 MB351 11.24 3.85 3.75 3.74 0.62 1662.5 3.0 8.5
1 20160803 MB351 7.92 3.43 3.37 3.36 0.43 1625.45 3.0 8.5
0 20160804 MB351 11.26 3.65 3.54 3.53 0.67 1410.76 3.0 8.5
1 20160805 MB351 8.32 3.29 3.25 3.24 0.34 1593.28 3.0 8.5
1 20160806 MB351 11.43 3.51 3.45 3.44 0.52 1662.24 3.0 8.5
0 20160807 MB351 7.37 3.4 3.32 3.31 0.49 1395.5 3.0 8.5
1 20160808 MB351 8.36 3.92 3.86 3.84 0.45 1002.87 3.0 8.5
0 20160809 MB351 8.34 3.39 3.34 3.33 0.43 1552.83 3.0 8.5
1 20160810 MB351 11.05 3.5 3.42 3.35 0.61 1920.51 3.0 8.5
0 20160811 MB351 7.73 3.46 3.37 3.35 0.54 1538.36 3.0 8.5
1 20160802 MB358 7.28 2.3 1.94 1.93 0.71 8611.59 3.0 7.0
0 20160803 MB358 6.98 2.21 1.85 1.83 0.72 6863.23 3.0 7.0
1 20160804 MB358 6.5 2.21 1.83 1.8 0.72 7163.05 3.0 7.0
1 20160805 MB358 6.35 2.11 1.73 1.72 0.71 7035.42 3.0 7.0
1 20160806 MB358 5.74 2.38 2.01 1.99 0.67 7089.5 3.0 7.0
1 20160807 MB358 6.71 2.19 1.83 1.82 0.66 6157.3 3.0 7.0
0 20160808 MB358 6.11 2.58 2.22 2.21 0.64 5533.45 3.0 7.0
1 20160809 MB358 6.84 2.14 1.79 1.76 0.66 7131.85 3.0 7.0
1 20160810 MB358 7.9 2.45 2.12 2.09 0.6 8066.37 3.0 7.0
1 20160811 MB358 6.81 2.15 1.81 1.8 0.62 7214.83 3.0 7.0
0 20160802 MB361 4.67 1.47 1.01 0.94 0.63 18384.3 3.0 6.0
0 20160803 MB361 4.42 1.34 0.9 0.85 0.61 15024.5 3.0 6.0
1 20160804 MB361 4.23 1.43 0.99 0.91 0.54 15190.66 3.0 6.0
0 20160805 MB361 5.0 1.31 0.88 0.86 0.57 14378.3 3.0 6.0
0 20160806 MB361 4.38 1.24 1.11 0.64 0.67 15442.08 3.0 6.0
1 20160807 MB361 5.02 1.12 0.68 0.66 0.64 12937.93 3.0 6.0
0 20160808 MB361 5.0 1.54 1.03 0.93 0.66 12188.2 3.0 6.0
0 20160809 MB361 4.42 1.08 0.64 0.61 0.64 14811.6 3.0 6.0
1 20160810 MB361 5.86 1.51 1.03 0.95 0.65 16069.27 3.0 6.0
0 20160811 MB361 5.02 1.11 1.03 0.62 0.63 14668.09 3.0 6.0
1 20160802 MB362 14.11 7.68 7.09 7.02 1.95 191.96 3.0 7.5
1 20160803 MB362 14.26 7.37 6.69 6.67 1.98 184.26 3.0 7.5
1 20160804 MB362 13.16 7.62 6.68 6.46 2.47 236.29 3.0 7.5
1 20160805 MB362 14.43 6.78 6.53 6.52 1.42 210.32 3.0 7.5
1 20160806 MB362 13.89 7.25 6.23 6.22 2.25 253.74 3.0 7.5
1 20160807 MB362 7.02 6.86 6.75 6.74 0.13 144.08 3.0 7.5
1 20160808 MB362 13.91 7.56 6.37 6.36 2.56 204.13 3.0 7.5
1 20160809 MB362 7.84 6.92 6.67 6.66 0.49 131.39 3.0 7.5
1 20160810 MB362 13.9 7.64 6.67 6.65 2.28 206.23 3.0 7.5
1 20160811 MB362 13.37 7.51 6.87 6.49 2.22 187.69 3.0 7.5
1 20160802 MB363 6.45 1.36 1.02 0.95 0.59 18837.96 3.0 6.0
1 20160803 MB363 6.02 1.28 0.94 0.89 0.59 15320.03 3.0 6.0
1 20160804 MB363 6.14 1.32 1.02 1.0 0.58 15108.07 3.0 6.0
1 20160805 MB363 6.06 1.29 0.99 0.97 0.56 14025.88 3.0 6.0
1 20160806 MB363 5.88 1.56 1.23 1.2 0.59 14054.59 3.0 6.0
1 20160807 MB363 5.8 1.35 1.03 1.02 0.59 12008.7 3.0 6.0
1 20160808 MB363 7.17 1.47 1.11 1.02 0.67 12168.46 3.0 6.0
1 20160809 MB363 5.08 1.17 0.86 0.81 0.59 14660.76 3.0 6.0
1 20160810 MB363 5.56 1.28 0.96 0.9 0.61 17790.97 3.0 6.0
1 20160811 MB363 5.32 1.17 0.87 0.85 0.57 14556.45 3.0 6.0
1 20160802 MB365 5.99 2.19 2.07 2.05 0.58 5759.66 3.0 6.0
1 20160803 MB365 5.27 2.12 2.0 1.99 0.58 4575.5 3.0 6.0
1 20160804 MB365 5.95 1.99 1.88 1.87 0.56 4859.13 3.0 6.0
1 20160805 MB365 5.65 1.97 1.85 1.84 0.59 4616.85 3.0 6.0
1 20160806 MB365 4.85 2.32 2.16 2.13 0.63 4651.03 3.0 6.0
1 20160807 MB365 5.62 2.23 2.08 2.07 0.61 3620.86 3.0 6.0
1 20160808 MB365 5.74 2.59 2.47 2.4 0.6 3118.48 3.0 6.0
1 20160809 MB365 4.79 2.11 1.96 1.94 0.62 4484.39 3.0 6.0
0 20160810 MB365 5.19 2.28 2.14 2.12 0.61 5062.57 3.0 6.0
1 20160811 MB365 4.97 2.02 1.89 1.88 0.59 4582.67 3.0 6.0
1 20160802 MB371 5.91 1.78 1.75 1.46 0.37 19198.42 3.0 6.0
1 20160803 MB371 5.07 1.71 1.64 1.43 0.36 15270.96 3.0 6.0
1 20160804 MB371 5.51 1.67 1.59 1.44 0.33 15731.93 3.0 6.0
1 20160805 MB371 6.39 1.55 1.44 1.28 0.41 15025.55 3.0 6.0
1 20160806 MB371 7.32 1.86 1.81 1.43 0.6 15034.99 3.0 6.0
1 20160807 MB371 5.17 1.56 1.56 1.26 0.36 13525.13 3.0 6.0
1 20160808 MB371 7.59 1.98 1.99 1.66 0.43 12344.44 3.0 6.0
1 20160809 MB371 5.37 1.62 1.66 1.31 0.37 14988.24 3.0 6.0
1 20160810 MB371 5.5 1.83 1.87 1.39 0.44 16855.01 3.0 6.0
1 20160811 MB371 4.99 1.68 1.66 1.35 0.4 14237.69 3.0 6.0
1 20160802 MB377 6.81 2.06 1.97 1.8 0.57 17388.01 4.5 6.0
1 20160803 MB377 6.68 2.04 1.73 1.69 0.81 16329.38 4.5 6.0
1 20160804 MB377 6.93 1.73 1.88 1.32 0.64 15735.11 4.5 6.0
1 20160805 MB377 6.73 1.69 1.6 1.44 0.5 14626.47 4.5 6.0
1 20160806 MB377 7.59 2.06 2.05 1.84 0.47 13698.84 4.5 6.0
1 20160807 MB377 7.39 1.91 1.84 1.76 0.47 11604.75 4.5 6.0
1 20160808 MB377 7.79 2.28 2.25 1.99 0.49 10458.1 4.5 6.0
1 20160809 MB377 8.69 1.88 1.85 1.72 0.44 13313.35 4.5 6.0
1 20160810 MB377 7.33 2.13 2.05 2.01 0.45 14829.99 4.5 6.0
1 20160811 MB377 6.96 1.88 1.81 1.79 0.42 13233.1 4.5 6.0
0 20160802 MB381 5.12 2.79 1.99 1.97 1.08 9583.25 3.0 6.0
0 20160803 MB381 4.83 2.69 1.89 1.87 1.04 7901.69 3.0 6.0
0 20160804 MB381 5.82 2.61 1.86 1.8 1.01 7928.61 3.0 6.0
0 20160805 MB381 4.14 2.63 1.81 1.8 1.05 7347.83 3.0 6.0
1 20160806 MB381 5.06 2.86 2.0 1.94 1.1 7863.02 3.0 6.0
0 20160807 MB381 4.56 2.58 2.18 1.73 1.0 7034.0 3.0 6.0
1 20160808 MB381 5.45 3.09 2.17 2.11 1.19 6157.35 3.0 6.0
1 20160809 MB381 4.77 2.67 1.86 1.84 1.02 7376.07 3.0 6.0
1 20160810 MB381 5.34 2.92 2.05 2.0 1.17 8205.72 3.0 6.0
1 20160811 MB381 4.92 2.64 1.83 1.81 1.08 7171.8 3.0 6.0
1 20160802 MB382 4.66 2.25 2.14 2.09 0.21 13940.53 3.0 6.0
0 20160803 MB382 5.01 2.13 2.05 1.97 0.22 11485.2 3.0 6.0
1 20160804 MB382 4.67 2.01 2.06 1.69 0.3 12000.87 3.0 6.0
1 20160805 MB382 4.45 2.13 2.08 1.93 0.22 10322.87 3.0 6.0
1 20160806 MB382 5.19 2.3 2.27 2.16 0.15 11092.59 3.0 6.0
1 20160807 MB382 5.64 2.14 2.11 1.94 0.21 9275.56 3.0 6.0
1 20160808 MB382 5.34 2.58 2.64 2.36 0.21 7980.39 3.0 6.0
1 20160809 MB382 4.46 2.15 2.09 1.97 0.21 10472.87 3.0 6.0
1 20160810 MB382 4.85 2.33 2.31 2.1 0.22 12056.34 3.0 6.0
0 20160811 MB382 4.39 2.11 2.01 1.94 0.22 10650.16 3.0 6.0
1 20160802 MB391 5.93 4.11 3.83 3.82 0.48 2114.08 3.0 6.0
1 20160803 MB391 5.22 3.9 3.64 3.63 0.43 1954.21 3.0 6.0
1 20160804 MB391 9.27 4.12 3.82 3.8 0.61 1669.0 3.0 6.0
1 20160805 MB391 8.27 3.92 3.63 3.61 0.54 1740.47 3.0 6.0
1 20160806 MB391 11.7 4.08 3.72 3.7 0.91 1881.61 3.0 6.0
1 20160807 MB391 4.27 3.79 3.59 3.58 0.26 1863.76 3.0 6.0
1 20160808 MB391 8.77 4.21 3.99 3.97 0.36 1585.3 3.0 6.0
1 20160809 MB391 8.42 3.83 3.53 3.52 0.62 1786.56 3.0 6.0
1 20160810 MB391 5.34 4.21 3.98 3.95 0.36 1920.02 3.0 6.0
1 20160811 MB391 5.19 3.98 3.73 3.71 0.4 1718.86 3.0 6.0
1 20160802 MB392 8.09 2.79 2.43 2.22 0.61 22550.73 3.0 6.0
1 20160803 MB392 7.01 2.99 3.22 2.16 0.61 17145.45 3.0 6.0
1 20160804 MB392 8.36 3.1 3.41 2.17 0.69 16312.86 3.0 6.0
1 20160805 MB392 7.91 3.09 3.24 2.2 0.78 15396.06 3.0 6.0
1 20160806 MB392 8.99 3.53 3.58 2.62 0.82 15343.45 3.0 6.0
1 20160807 MB392 8.72 3.16 3.26 2.35 0.69 13169.14 3.0 6.0
1 20160808 MB392 10.36 3.62 4.1 2.43 0.95 11840.53 3.0 6.0
1 20160809 MB392 8.61 2.96 3.25 2.05 0.75 15856.99 3.0 6.0
1 20160810 MB392 11.39 3.23 3.42 2.26 0.78 18769.4 3.0 6.0
1 20160811 MB392 8.41 2.98 3.17 2.12 0.72 16284.07 3.0 6.0
1 20160802 MB409 8.86 2.78 2.74 2.65 0.45 7039.78 3.0 8.5
1 20160803 MB409 8.85 2.43 2.27 2.25 0.44 6545.17 3.0 8.5
1 20160804 MB409 8.81 2.67 2.62 2.58 0.43 5646.4 3.0 8.5
1 20160805 MB409 8.72 2.55 2.47 2.45 0.41 5576.56 3.0 8.5
0 20160806 MB409 9.21 2.87 2.66 2.58 0.49 5312.66 3.0 8.5
1 20160807 MB409 9.17 2.71 2.56 2.54 0.43 4447.83 3.0 8.5
1 20160808 MB409 10.12 2.98 2.95 2.9 0.4 4227.58 3.0 8.5
1 20160809 MB409 9.4 2.73 2.59 2.57 0.52 5191.17 3.0 8.5
1 20160810 MB409 8.32 2.93 2.81 2.79 0.61 6124.41 3.0 8.5
1 20160811 MB409 8.5 2.65 2.58 2.56 0.51 5396.8 3.0 8.5
0 20160802 MB410 5.43 1.78 1.32 1.27 0.87 14097.24 3.0 7.0
0 20160803 MB410 5.57 1.66 1.22 1.19 0.86 11370.5 3.0 7.0
0 20160804 MB410 5.52 1.68 1.23 1.2 0.85 11394.31 3.0 7.0
0 20160805 MB410 4.97 1.47 1.04 1.03 0.85 11579.43 3.0 7.0
1 20160806 MB410 7.55 1.57 1.17 1.13 0.86 12028.24 3.0 7.0
0 20160807 MB410 6.92 1.54 1.12 1.08 0.87 9615.7 3.0 7.0
0 20160808 MB410 5.57 1.8 1.36 1.27 0.88 9545.96 3.0 7.0
1 20160809 MB410 8.55 1.69 1.24 1.22 0.83 11074.3 3.0 7.0
1 20160810 MB410 5.95 1.78 1.34 1.25 0.85 12541.79 3.0 7.0
0 20160811 MB410 6.63 1.65 1.2 1.18 0.85 11211.85 3.0 7.0
1 20160802 MB414 8.0 1.89 1.84 1.71 0.48 13285.21 3.0 6.0
1 20160803 MB414 7.28 1.64 1.56 1.54 0.47 11752.27 3.0 6.0
1 20160804 MB414 7.73 1.7 1.61 1.57 0.48 11187.68 3.0 6.0
1 20160805 MB414 7.6 1.61 1.49 1.47 0.44 10475.78 3.0 6.0
1 20160806 MB414 6.14 1.81 1.74 1.66 0.49 11511.14 3.0 6.0
1 20160807 MB414 6.58 1.59 1.44 1.42 0.46 9743.01 3.0 6.0
1 20160808 MB414 6.7 1.99 1.82 1.8 0.5 9356.85 3.0 6.0
1 20160809 MB414 7.09 1.59 1.55 1.47 0.44 10831.38 3.0 6.0
1 20160810 MB414 7.25 1.77 1.67 1.65 0.45 12791.48 3.0 6.0
1 20160811 MB414 6.88 1.64 1.6 1.5 0.45 10604.91 3.0 6.0
0 20160802 MB419 7.85 2.15 1.99 1.91 0.5 13237.63 3.0 8.5
0 20160803 MB419 7.13 2.21 2.05 1.99 0.45 10330.65 3.0 8.5
0 20160804 MB419 8.13 2.13 2.1 1.82 0.49 10532.81 3.0 8.5
0 20160805 MB419 7.34 1.66 1.33 1.31 0.44 13319.51 3.0 8.5
0 20160806 MB419 6.78 1.93 1.57 1.52 0.6 12144.16 3.0 8.5
0 20160807 MB419 7.7 1.87 1.9 1.59 0.35 10687.64 3.0 8.5
0 20160808 MB419 8.08 2.22 2.11 1.98 0.41 9473.33 3.0 8.5
0 20160809 MB419 7.66 1.83 1.91 1.51 0.39 12321.56 3.0 8.5
0 20160810 MB419 9.02 2.37 2.26 2.07 0.37 11296.35 3.0 8.5
0 20160811 MB419 7.56 2.06 2.03 1.77 0.45 10420.63 3.0 8.5
1 20160802 MB420 11.43 0.59 0.4 0.37 0.51 23161.32 3.0 7.5
1 20160803 MB420 8.29 0.52 0.34 0.31 0.48 19069.33 3.0 7.5
1 20160804 MB420 10.78 0.54 0.35 0.33 0.5 18446.51 3.0 7.5
1 20160805 MB420 10.93 0.53 0.34 0.32 0.5 16784.91 3.0 7.5
1 20160806 MB420 7.4 0.63 0.43 0.38 0.52 18485.69 3.0 7.5
1 20160807 MB420 11.69 0.52 0.34 0.32 0.48 14944.4 3.0 7.5
1 20160808 MB420 11.78 0.74 0.52 0.48 0.57 14906.56 3.0 7.5
1 20160809 MB420 7.37 0.53 0.35 0.32 0.49 16965.83 3.0 7.5
1 20160810 MB420 7.92 0.62 0.42 0.35 0.53 20737.22 3.0 7.5
1 20160811 MB420 7.29 0.51 0.34 0.31 0.49 17108.79 3.0 7.5
0 20160802 MB425 8.29 4.32 4.23 4.21 0.54 1152.8 3.0 9.0
1 20160803 MB425 6.96 4.18 4.03 4.02 0.63 1057.42 3.0 9.0
1 20160804 MB425 7.5 4.09 3.96 3.95 0.61 1113.59 3.0 9.0
0 20160805 MB425 7.71 3.98 3.87 3.86 0.59 1070.68 3.0 9.0
0 20160806 MB425 8.67 4.19 4.12 4.08 0.47 1000.33 3.0 9.0
1 20160807 MB425 6.92 3.91 3.78 3.76 0.61 1031.63 3.0 9.0
0 20160808 MB425 8.54 4.5 4.37 4.36 0.58 746.31 3.0 9.0
0 20160809 MB425 7.25 3.91 3.82 3.8 0.56 1134.23 3.0 9.0
1 20160810 MB425 7.77 4.15 4.06 4.03 0.54 1197.97 3.0 9.0
0 20160811 MB425 7.72 4.18 4.02 4.01 0.62 943.75 3.0 9.0
0 20160802 MB431 12.26 2.67 2.07 2.06 0.95 10152.79 3.0 6.0
1 20160803 MB431 16.25 2.58 2.0 1.98 0.95 8316.15 3.0 6.0
1 20160804 MB431 6.23 2.62 2.04 2.03 0.86 8314.41 3.0 6.0
1 20160805 MB431 15.3 2.67 2.06 2.05 0.93 7609.34 3.0 6.0
0 20160806 MB431 15.98 3.15 2.56 2.54 0.9 7089.7 3.0 6.0
1 20160807 MB431 15.28 2.82 2.29 2.26 0.8 6721.78 3.0 6.0
0 20160808 MB431 11.17 3.21 2.61 2.54 0.88 5204.73 3.0 6.0
1 20160809 MB431 15.82 2.54 1.96 1.94 0.98 7530.19 3.0 6.0
1 20160810 MB431 16.26 2.89 2.3 2.26 0.89 8371.76 3.0 6.0
0 20160811 MB431 10.53 2.51 1.93 1.92 0.91 7883.15 3.0 6.0
1 20160802 MB436 6.24 2.48 2.06 2.03 0.56 10411.15 3.0 6.0
1 20160803 MB436 6.07 2.23 1.81 1.79 0.6 8915.13 3.0 6.0
1 20160804 MB436 6.06 2.3 1.87 1.85 0.58 8620.78 3.0 6.0
1 20160805 MB436 5.87 2.25 1.82 1.8 0.57 8244.83 3.0 6.0
1 20160806 MB436 7.7 2.62 2.18 2.16 0.62 7607.79 3.0 6.0
1 20160807 MB436 5.87 2.38 1.94 1.92 0.61 7080.46 3.0 6.0
1 20160808 MB436 7.16 2.82 2.36 2.32 0.63 5690.66 3.0 6.0
1 20160809 MB436 5.88 2.28 1.86 1.85 0.56 8300.29 3.0 6.0
1 20160810 MB436 7.26 2.58 2.13 2.11 0.62 8707.01 3.0 6.0
1 20160811 MB436 5.76 2.19 1.77 1.75 0.57 8621.41 3.0 6.0
0 20160802 MB438 7.73 2.54 2.3 2.07 0.54 15809.65 3.0 9.0
0 20160803 MB438 8.25 2.5 2.25 2.15 0.53 12447.79 3.0 9.0
0 20160804 MB438 8.1 2.4 2.2 2.1 0.45 12891.55 3.0 9.0
0 20160805 MB438 8.64 2.43 2.26 2.08 0.51 11407.17 3.0 9.0
0 20160806 MB438 8.79 2.7 2.49 2.28 0.56 11174.28 3.0 9.0
1 20160807 MB438 7.93 2.55 2.31 2.22 0.52 9867.38 3.0 9.0
0 20160808 MB438 8.23 2.88 2.65 2.52 0.53 9058.41 3.0 9.0
0 20160809 MB438 7.72 2.49 2.24 2.14 0.53 11550.19 3.0 9.0
0 20160810 MB438 8.38 2.72 2.53 2.29 0.53 12678.36 3.0 9.0
0 20160811 MB438 8.48 2.41 2.28 2.09 0.45 11881.18 3.0 9.0
1 20160802 MB440 9.38 0.89 0.63 0.57 0.78 24708.98 3.0 6.0
1 20160803 MB440 10.72 0.93 0.69 0.67 0.72 18171.14 3.0 6.0
1 20160804 MB440 9.58 0.93 0.67 0.64 0.77 18483.87 3.0 6.0
1 20160805 MB440 9.44 0.9 0.66 0.63 0.71 16854.3 3.0 6.0
1 20160806 MB440 8.11 1.11 0.77 0.72 0.77 21882.73 3.0 6.0
1 20160807 MB440 9.9 0.87 0.66 0.63 0.71 16091.95 3.0 6.0
1 20160808 MB440 11.6 1.13 0.89 0.84 0.74 15619.77 3.0 6.0
1 20160809 MB440 9.02 0.86 0.65 0.63 0.68 18254.45 3.0 6.0
1 20160810 MB440 9.14 1.0 0.74 0.69 0.76 21767.76 3.0 6.0
1 20160811 MB440 9.23 0.88 0.65 0.62 0.7 17696.57 3.0 6.0
1 20160802 RTS1 8.5 3.84 3.51 3.5 0.81 2510.14 3.0 6.0
1 20160803 RTS1 8.07 3.93 3.34 3.33 1.17 2584.86 3.0 6.0
1 20160804 RTS1 8.06 3.83 3.17 3.16 1.29 2614.03 3.0 6.0
1 20160805 RTS1 8.56 3.69 3.28 3.27 0.92 2102.41 3.0 6.0
1 20160806 RTS1 8.46 3.94 3.47 3.46 1.13 2088.38 3.0 6.0
1 20160807 RTS1 7.76 3.42 3.08 3.07 0.82 2078.97 3.0 6.0
1 20160808 RTS1 9.06 3.94 3.63 3.62 0.84 1536.54 3.0 6.0
1 20160809 RTS1 7.95 3.6 3.22 3.21 0.91 2166.51 3.0 6.0
1 20160810 RTS1 7.86 3.82 3.55 3.53 0.45 2630.59 3.0 6.0
1 20160811 RTS1 7.88 3.77 3.41 3.4 0.74 2059.84 3.0 6.0
1 20160802 RTS10 14.24 2.2 2.0 1.54 0.89 16741.08 5.5 6.0
1 20160803 RTS10 14.74 1.94 1.87 1.41 0.77 13589.35 5.5 6.0
1 20160804 RTS10 8.96 2.01 1.93 1.44 0.8 13358.96 5.5 6.0
1 20160805 RTS10 13.09 2.04 1.91 1.45 0.95 12248.67 5.5 6.0
1 20160806 RTS10 13.89 2.51 2.09 1.79 1.34 15590.83 5.5 6.0
1 20160807 RTS10 12.69 1.71 1.61 1.26 0.87 13318.48 5.5 6.0
1 20160808 RTS10 14.22 2.45 2.16 1.92 1.0 10684.87 5.5 6.0
1 20160809 RTS10 12.32 1.79 1.53 1.35 0.92 14715.51 5.5 6.0
1 20160810 RTS10 14.22 2.18 2.07 1.57 0.86 14881.52 5.5 6.0
1 20160811 RTS10 14.82 1.91 1.92 1.41 0.74 13028.7 5.5 6.0
1 20160802 RTS13 5.17 0.67 0.38 0.31 0.59 30840.4 3.0 6.0
1 20160803 RTS13 5.59 0.63 0.34 0.29 0.56 24991.73 3.0 6.0
1 20160804 RTS13 5.17 0.62 0.34 0.28 0.57 24322.39 3.0 6.0
1 20160805 RTS13 5.12 0.61 0.33 0.3 0.56 22855.52 3.0 6.0
1 20160806 RTS13 5.05 0.74 0.43 0.34 0.6 24813.0 3.0 6.0
1 20160807 RTS13 5.1 0.57 0.31 0.26 0.55 20270.06 3.0 6.0
1 20160808 RTS13 5.96 0.81 0.48 0.39 0.64 20498.91 3.0 6.0
1 20160809 RTS13 5.37 0.6 0.33 0.31 0.55 23044.65 3.0 6.0
1 20160810 RTS13 5.58 0.72 0.43 0.33 0.6 27725.49 3.0 6.0
1 20160811 RTS13 5.46 0.61 0.34 0.31 0.56 22690.34 3.0 6.0
1 20160802 RTS14 7.86 2.72 2.68 2.67 0.36 3536.49 3.0 9.0
1 20160803 RTS14 8.13 2.54 2.51 2.5 0.29 3001.67 3.0 9.0
0 20160804 RTS14 8.41 2.56 2.54 2.53 0.25 2924.98 3.0 9.0
0 20160805 RTS14 8.73 2.58 2.57 2.55 0.2 2612.88 3.0 9.0
0 20160806 RTS14 8.49 2.93 2.91 2.9 0.28 2441.62 3.0 9.0
1 20160807 RTS14 7.93 2.64 2.61 2.6 0.32 2288.04 3.0 9.0
0 20160808 RTS14 8.36 3.2 3.18 3.15 0.31 1782.45 3.0 9.0
0 20160809 RTS14 8.35 2.58 2.56 2.55 0.26 2694.7 3.0 9.0
1 20160810 RTS14 8.1 2.99 2.96 2.94 0.35 2662.82 3.0 9.0
0 20160811 RTS14 8.74 2.66 2.65 2.64 0.21 2508.16 3.0 9.0
0 20160802 RTS19 13.78 4.23 4.24 3.87 0.78 3458.59 3.0 9.0
0 20160803 RTS19 9.01 4.28 4.16 4.0 0.74 2663.38 3.0 9.0
0 20160804 RTS19 8.78 4.22 4.11 3.98 0.71 2740.94 3.0 9.0
0 20160805 RTS19 9.64 4.12 4.13 3.78 0.75 2631.11 3.0 9.0
0 20160806 RTS19 9.22 4.49 4.32 4.16 0.79 2463.04 3.0 9.0
0 20160807 RTS19 8.84 4.51 4.5 4.25 0.58 1710.06 3.0 9.0
0 20160808 RTS19 9.36 4.65 4.65 4.21 0.79 1711.51 3.0 9.0
0 20160809 RTS19 12.74 4.28 4.25 3.99 0.58 2265.0 3.0 9.0
0 20160810 RTS19 10.13 4.42 4.24 4.13 0.73 2743.33 3.0 9.0
1 20160811 RTS19 9.61 4.37 4.26 4.11 0.59 2091.95 3.0 9.0
1 20160802 RTS2 6.5 3.37 3.17 3.16 0.66 2702.08 3.0 7.5
1 20160803 RTS2 6.81 3.08 2.94 2.92 0.61 2320.73 3.0 7.5
1 20160804 RTS2 6.15 2.82 2.68 2.66 0.6 2714.13 3.0 7.5
0 20160805 RTS2 7.4 3.05 2.95 2.94 0.55 2021.7 3.0 7.5
0 20160806 RTS2 6.53 3.56 3.37 3.35 0.65 1970.98 3.0 7.5
0 20160807 RTS2 6.07 2.96 2.66 2.65 0.68 1980.18 3.0 7.5
1 20160808 RTS2 4.91 3.62 3.18 3.17 0.65 1951.11 3.0 7.5
0 20160809 RTS2 4.98 3.3 3.0 2.99 0.66 2275.24 3.0 7.5
0 20160810 RTS2 5.17 3.88 3.57 3.56 0.61 2089.64 3.0 7.5
0 20160811 RTS2 5.12 3.73 3.44 3.43 0.45 2035.47 3.0 7.5
1 20160802 RTS21 13.05 1.42 1.31 1.22 0.6 9279.34 3.0 6.0
1 20160803 RTS21 7.33 1.38 1.3 1.21 0.54 6960.76 3.0 6.0
1 20160804 RTS21 12.48 1.36 1.25 1.16 0.6 7157.6 3.0 6.0
1 20160805 RTS21 7.92 1.38 1.28 1.23 0.57 6471.65 3.0 6.0
1 20160806 RTS21 7.4 1.43 1.35 1.26 0.54 7137.31 3.0 6.0
1 20160807 RTS21 7.7 1.41 1.33 1.29 0.53 5519.23 3.0 6.0
1 20160808 RTS21 8.21 1.35 1.28 1.19 0.5 6441.58 3.0 6.0
1 20160809 RTS21 12.28 1.27 1.17 1.12 0.64 7041.43 3.0 6.0
1 20160810 RTS21 11.76 1.26 1.09 1.0 0.69 8735.13 3.0 6.0
1 20160811 RTS21 12.17 1.48 1.34 1.31 0.7 6568.18 3.0 6.0
1 20160802 RTS24 6.04 2.0 1.66 1.61 0.52 14084.82 3.0 7.0
1 20160803 RTS24 4.88 1.89 1.62 1.56 0.46 11911.33 3.0 7.0
1 20160804 RTS24 5.44 1.92 1.62 1.59 0.45 11846.51 3.0 7.0
1 20160805 RTS24 5.57 1.81 1.46 1.44 0.53 11020.6 3.0 7.0
0 20160806 RTS24 5.95 1.75 1.38 1.31 0.65 11587.11 3.0 7.0
1 20160807 RTS24 5.35 1.54 1.17 1.16 0.63 10134.29 3.0 7.0
1 20160808 RTS24 4.6 1.2 0.91 0.86 0.7 11310.21 3.0 7.0
1 20160809 RTS24 5.06 1.37 1.02 1.01 0.61 12678.99 3.0 7.0
0 20160810 RTS24 6.74 0.95 0.68 0.64 0.64 17698.72 3.0 7.0
1 20160811 RTS24 5.6 1.32 0.98 0.96 0.6 13169.96 3.0 7.0
1 20160802 RTS25 12.58 2.45 1.8 1.21 1.54 30263.28 3.0 6.0
1 20160803 RTS25 10.28 2.19 2.05 1.1 1.2 27798.96 3.0 6.0
1 20160804 RTS25 10.88 2.2 1.98 1.06 1.22 28503.55 3.0 6.0
1 20160805 RTS25 10.06 1.91 1.94 1.0 0.93 31513.79 3.0 6.0
1 20160806 RTS25 9.61 1.59 1.38 0.98 0.7 39726.44 3.0 6.0
1 20160807 RTS25 8.95 1.63 1.52 0.86 0.85 31399.61 3.0 6.0
1 20160808 RTS25 8.59 1.48 1.19 0.99 0.68 34521.51 3.0 6.0
1 20160809 RTS25 8.95 1.45 1.36 0.8 0.69 34996.87 3.0 6.0
1 20160810 RTS25 9.94 1.48 1.27 0.95 0.66 43141.79 3.0 6.0
1 20160811 RTS25 9.47 1.63 1.58 0.91 0.73 32956.79 3.0 6.0
1 20160802 RTS27 4.62 0.52 0.34 0.27 0.56 22789.34 3.0 6.0
1 20160803 RTS27 3.77 0.48 0.31 0.24 0.55 17717.95 3.0 6.0
1 20160804 RTS27 5.57 0.47 0.3 0.25 0.53 17717.06 3.0 6.0
1 20160805 RTS27 4.42 0.45 0.29 0.27 0.54 15488.07 3.0 6.0
1 20160806 RTS27 3.95 0.54 0.32 0.23 0.54 20605.42 3.0 6.0
1 20160807 RTS27 3.8 0.48 0.29 0.26 0.54 15588.58 3.0 6.0
1 20160808 RTS27 4.58 0.58 0.38 0.29 0.57 16245.89 3.0 6.0
1 20160809 RTS27 4.16 0.45 0.28 0.26 0.53 16661.59 3.0 6.0
1 20160810 RTS27 4.33 0.51 0.34 0.25 0.56 20242.41 3.0 6.0
1 20160811 RTS27 4.27 0.43 0.28 0.25 0.53 16136.09 3.0 6.0
1 20160802 RTS28 23.43 0.48 0.31 0.24 0.67 24255.6 3.0 6.0
1 20160803 RTS28 23.64 0.43 0.27 0.21 0.65 18671.93 3.0 6.0
1 20160804 RTS28 19.71 0.43 0.28 0.21 0.59 17961.01 3.0 6.0
0 20160805 RTS28 18.58 0.41 0.26 0.21 0.55 16930.35 3.0 6.0
0 20160806 RTS28 19.99 0.56 0.38 0.29 0.6 18690.08 3.0 6.0
1 20160807 RTS28 16.57 0.47 0.3 0.28 0.6 15538.96 3.0 6.0
0 20160808 RTS28 19.56 0.6 0.42 0.35 0.58 16000.23 3.0 6.0
0 20160809 RTS28 20.1 0.42 0.27 0.22 0.56 17233.26 3.0 6.0
0 20160810 RTS28 19.09 0.51 0.34 0.25 0.61 21353.8 3.0 6.0
1 20160811 RTS28 19.77 0.42 0.26 0.22 0.57 17597.15 3.0 6.0
1 20160802 RTS31 8.78 1.46 1.01 0.92 1.07 17564.58 3.0 6.0
1 20160803 RTS31 8.06 1.42 0.99 0.9 1.04 13331.8 3.0 6.0
1 20160804 RTS31 9.73 1.41 1.03 0.94 0.93 12569.68 3.0 6.0
1 20160805 RTS31 7.66 1.39 1.0 0.96 0.88 11953.92 3.0 6.0
1 20160806 RTS31 7.94 1.4 1.04 0.95 0.86 13052.46 3.0 6.0
1 20160807 RTS31 8.0 1.29 0.93 0.91 0.77 10940.01 3.0 6.0
1 20160808 RTS31 8.79 1.33 0.96 0.87 0.84 11208.17 3.0 6.0
1 20160809 RTS31 8.42 1.39 1.03 0.98 0.8 11728.41 3.0 6.0
1 20160810 RTS31 8.97 1.46 1.1 1.0 0.84 13939.17 3.0 6.0
1 20160811 RTS31 8.17 1.35 0.98 0.96 0.84 12076.77 3.0 6.0
1 20160802 RTS32 11.2 1.94 1.24 1.17 1.01 22501.88 3.0 7.0
1 20160803 RTS32 7.91 1.77 1.47 1.21 0.85 20120.72 3.0 7.0
1 20160804 RTS32 9.94 1.77 1.37 1.25 0.84 20200.69 3.0 7.0
1 20160805 RTS32 6.35 1.49 1.2 0.96 0.74 21837.27 3.0 7.0
1 20160806 RTS32 9.31 1.19 1.24 0.65 0.68 27215.56 3.0 7.0
1 20160807 RTS32 6.21 1.25 1.17 0.75 0.68 20804.46 3.0 7.0
1 20160808 RTS32 5.9 1.04 0.59 0.58 0.71 22720.38 3.0 7.0
1 20160809 RTS32 5.75 1.16 0.69 0.67 0.69 22844.48 3.0 7.0
1 20160810 RTS32 6.66 1.1 0.64 0.59 0.74 28272.25 3.0 7.0
1 20160811 RTS32 5.89 1.25 1.17 0.77 0.7 22398.42 3.0 7.0
1 20160802 RTS35 7.74 1.23 0.77 0.68 0.7 24908.99 3.0 7.0
1 20160803 RTS35 4.95 1.12 0.68 0.66 0.67 20269.15 3.0 7.0
1 20160804 RTS35 5.66 1.12 0.68 0.62 0.68 19934.77 3.0 7.0
1 20160805 RTS35 6.37 1.03 0.62 0.6 0.68 18774.76 3.0 7.0
1 20160806 RTS35 8.33 1.18 0.75 0.7 0.73 19508.26 3.0 7.0
1 20160807 RTS35 6.06 1.02 0.62 0.61 0.69 16184.96 3.0 7.0
0 20160808 RTS35 6.55 1.33 0.88 0.82 0.71 16315.58 3.0 7.0
0 20160809 RTS35 5.44 1.11 0.69 0.68 0.65 18987.55 3.0 7.0
0 20160810 RTS35 6.08 1.22 0.8 0.73 0.73 20935.07 3.0 7.0
0 20160811 RTS35 4.38 1.06 0.65 0.63 0.65 18970.18 3.0 7.0
1 20160802 RTS36 11.02 2.15 1.96 1.91 0.81 6411.37 3.0 6.0
1 20160803 RTS36 8.07 2.12 1.94 1.93 0.77 4919.76 3.0 6.0
1 20160804 RTS36 6.99 2.16 1.96 1.95 0.78 4921.57 3.0 6.0
1 20160805 RTS36 7.48 2.2 1.98 1.96 0.8 4530.18 3.0 6.0
1 20160806 RTS36 11.25 2.54 2.31 2.27 0.83 4208.99 3.0 6.0
1 20160807 RTS36 7.05 2.18 2.01 2.0 0.73 3748.48 3.0 6.0
1 20160808 RTS36 13.87 2.81 2.54 2.49 1.0 3196.45 3.0 6.0
1 20160809 RTS36 12.44 2.17 1.94 1.93 0.89 4681.68 3.0 6.0
1 20160810 RTS36 8.37 2.38 2.2 2.15 0.78 4933.66 3.0 6.0
1 20160811 RTS36 10.91 2.12 1.93 1.92 0.78 4555.69 3.0 6.0
1 20160802 RTS37 3.6 1.12 0.9 0.81 0.49 15487.75 3.0 6.0
1 20160803 RTS37 3.34 1.01 0.82 0.77 0.5 12028.14 3.0 6.0
1 20160804 RTS37 3.77 1.01 0.82 0.77 0.51 11601.85 3.0 6.0
1 20160805 RTS37 3.84 0.95 0.77 0.75 0.51 10849.03 3.0 6.0
1 20160806 RTS37 5.12 1.03 0.85 0.75 0.52 12367.27 3.0 6.0
1 20160807 RTS37 3.19 0.9 0.73 0.72 0.51 9915.05 3.0 6.0
1 20160808 RTS37 3.66 0.97 0.77 0.68 0.48 11833.68 3.0 6.0
1 20160809 RTS37 3.49 0.87 0.7 0.68 0.51 11330.36 3.0 6.0
1 20160810 RTS37 3.41 1.11 0.9 0.81 0.51 13808.97 3.0 6.0
1 20160811 RTS37 3.66 0.91 0.73 0.71 0.51 11321.18 3.0 6.0
0 20160802 RTS4 9.42 1.68 1.23 1.18 0.82 17894.57 3.0 6.0
1 20160803 RTS4 8.45 1.52 1.16 1.13 0.72 16148.03 3.0 6.0
1 20160804 RTS4 9.69 1.48 1.35 1.14 0.72 16416.81 3.0 6.0
1 20160805 RTS4 9.6 1.25 1.13 0.96 0.68 16960.52 3.0 6.0
1 20160806 RTS4 7.77 1.04 0.7 0.65 0.76 21551.44 3.0 6.0
1 20160807 RTS4 9.31 1.07 0.77 0.75 0.76 17845.52 3.0 6.0
1 20160808 RTS4 8.21 0.96 0.59 0.58 0.79 20024.4 3.0 6.0
1 20160809 RTS4 7.86 1.02 0.69 0.67 0.78 20816.03 3.0 6.0
1 20160810 RTS4 8.05 1.02 0.64 0.61 0.8 25879.01 3.0 6.0
1 20160811 RTS4 7.9 1.13 0.8 0.77 0.78 19783.11 3.0 6.0
1 20160802 RTS43 9.55 1.29 0.6 0.57 0.97 34902.02 3.0 9.0
1 20160803 RTS43 10.08 1.14 0.51 0.46 0.96 28037.56 3.0 9.0
1 20160804 RTS43 11.21 1.25 0.58 0.55 0.97 27437.25 3.0 9.0
1 20160805 RTS43 9.91 1.32 0.63 0.6 1.0 23950.7 3.0 9.0
1 20160806 RTS43 11.78 1.62 1.48 0.9 1.01 23692.39 3.0 9.0
1 20160807 RTS43 10.61 1.43 1.24 0.74 0.95 20767.63 3.0 9.0
1 20160808 RTS43 10.78 1.81 1.49 0.97 1.09 19548.12 3.0 9.0
1 20160809 RTS43 10.36 1.19 0.56 0.53 0.87 25708.39 3.0 9.0
1 20160810 RTS43 8.73 1.23 0.94 0.56 0.81 34460.38 3.0 9.0
1 20160811 RTS43 7.79 1.16 1.41 0.53 0.74 28762.99 3.0 9.0
1 20160802 RTS5 8.91 2.51 2.0 1.99 0.85 9265.83 3.0 7.5
1 20160803 RTS5 7.77 1.97 1.47 1.46 0.81 10384.09 3.0 7.5
1 20160804 RTS5 7.08 1.89 1.37 1.35 0.88 10755.24 3.0 7.5
1 20160805 RTS5 6.46 1.39 0.97 0.96 0.85 11650.19 3.0 7.5
1 20160806 RTS5 5.03 0.98 0.7 0.65 0.55 18657.36 3.0 7.5
1 20160807 RTS5 6.52 1.07 0.76 0.75 0.74 11297.93 3.0 7.5
1 20160808 RTS5 7.82 0.8 0.59 0.58 0.72 13012.33 3.0 7.5
1 20160809 RTS5 6.42 0.94 0.68 0.67 0.72 12710.94 3.0 7.5
1 20160810 RTS5 6.55 0.87 0.63 0.61 0.73 16607.3 3.0 7.5
1 20160811 RTS5 7.59 1.06 0.79 0.77 0.77 11658.33 3.0 7.5
1 20160802 RTS6 7.25 2.43 2.0 1.99 0.93 7781.63 3.0 6.0
1 20160803 RTS6 6.26 1.85 1.47 1.46 0.9 8110.61 3.0 6.0
1 20160804 RTS6 7.65 1.71 1.37 1.35 0.89 8391.48 3.0 6.0
0 20160805 RTS6 5.42 1.27 0.97 0.96 0.83 9633.74 3.0 6.0
1 20160806 RTS6 6.16 0.97 0.69 0.65 0.72 14723.37 3.0 6.0
1 20160807 RTS6 6.13 1.12 0.76 0.75 0.71 12098.29 3.0 6.0
1 20160808 RTS6 5.24 0.88 0.59 0.58 0.55 16456.61 3.0 6.0
1 20160809 RTS6 5.88 0.98 0.68 0.67 0.63 14078.4 3.0 6.0
1 20160810 RTS6 5.61 0.88 0.64 0.59 0.47 21204.4 3.0 6.0
1 20160811 RTS6 5.89 1.13 0.79 0.77 0.65 14080.43 3.0 6.0
