date max mean median min stdv sum topic n1 no st rt
20170729 17.45 4.81 4.32 3.12 1.27 36185.77 RTS101 0.6244 0.6119 20 12
20170730 20.63 5.21 4.67 1.54 1.34 33197.0 RTS101 0.6244 0.6119 20 12
20170731 28.94 5.29 4.69 3.39 1.34 33006.45 RTS101 0.6244 0.6119 20 12
20170801 35.4 5.24 4.66 3.36 1.36 34148.76 RTS101 0.6244 0.6119 20 12
20170802 31.94 4.97 4.45 3.22 1.56 35613.12 RTS101 0.6244 0.6119 20 12
20170803 31.79 5.07 4.45 3.22 1.82 41030.56 RTS101 0.6244 0.6119 20 12
20170804 27.78 4.58 4.06 2.93 1.28 53977.95 RTS101 0.6244 0.6119 20 12
20170805 25.72 4.95 4.35 3.14 1.37 38696.64 RTS101 0.6244 0.6119 20 12
20170729 16.01 5.71 5.17 3.59 1.35 41952.07 RTS104 0.1394 0.0519 16 12
20170730 16.97 5.97 5.5 3.14 1.36 40334.63 RTS104 0.1394 0.0519 16 12
20170731 17.12 5.79 5.24 3.65 1.37 43905.9 RTS104 0.1394 0.0519 16 12
20170801 16.43 5.79 5.25 3.68 1.36 43630.04 RTS104 0.1394 0.0519 16 12
20170802 17.44 5.74 5.32 3.01 1.33 39990.21 RTS104 0.1394 0.0519 16 12
20170803 14.81 5.69 5.17 3.66 1.29 47033.77 RTS104 0.1394 0.0519 16 12
20170804 17.02 5.73 5.18 2.93 1.38 45453.21 RTS104 0.1394 0.0519 16 12
20170805 17.44 5.9 5.26 3.72 1.42 37639.87 RTS104 0.1394 0.0519 16 12
20170729 24.88 5.88 5.67 2.98 1.37 22542.67 RTS105 0.4878 0.4878 13 10
20170730 19.27 5.98 5.68 1.37 1.3 28212.61 RTS105 0.4878 0.4878 13 10
20170731 17.62 6.17 5.88 3.06 1.33 25601.38 RTS105 0.4878 0.4878 13 10
20170801 16.3 6.1 5.39 3.04 1.43 24034.95 RTS105 0.4878 0.4878 13 10
20170802 17.62 6.16 5.96 3.1 1.4 20395.0 RTS105 0.4878 0.4878 13 10
20170803 23.5 6.12 5.46 3.95 1.44 22852.13 RTS105 0.4878 0.4878 13 10
20170804 18.27 5.97 5.38 3.89 1.32 23966.86 RTS105 0.4878 0.4878 13 10
20170805 12.63 5.96 5.36 3.02 1.36 22193.05 RTS105 0.4878 0.4878 13 10
20170729 17.9 3.41 3.08 1.24 1.06 100473.74 RTS106 0.4906 0.4906 19 12
20170730 20.06 3.57 3.26 1.33 1.11 101752.88 RTS106 0.4906 0.4906 19 12
20170731 19.28 3.39 3.11 1.76 1.1 109586.6 RTS106 0.4906 0.4906 19 12
20170801 20.27 3.39 3.1 2.24 1.14 113186.74 RTS106 0.4906 0.4906 19 12
20170802 20.31 3.39 3.09 1.75 1.08 103810.91 RTS106 0.4906 0.4906 19 12
20170803 20.34 3.47 3.15 1.78 1.07 112808.0 RTS106 0.4906 0.4906 19 12
20170804 17.02 3.44 3.14 1.77 1.04 115526.46 RTS106 0.4906 0.4906 19 12
20170805 18.12 3.37 3.09 1.74 1.03 102465.96 RTS106 0.4906 0.4906 19 12
20170729 23.77 5.61 5.04 3.56 1.65 46225.89 RTS111 0.5648 0.5648 19 10
20170730 24.32 5.88 5.44 1.65 1.47 45939.34 RTS111 0.5648 0.5648 19 10
20170731 21.94 5.47 4.88 3.52 1.42 56192.74 RTS111 0.5648 0.5648 19 10
20170801 23.05 5.35 4.83 2.69 1.38 60410.07 RTS111 0.5648 0.5648 19 10
20170802 17.73 5.45 4.95 2.8 1.33 50513.49 RTS111 0.5648 0.5648 19 10
20170803 19.13 5.33 4.83 3.49 1.36 59334.22 RTS111 0.5648 0.5648 19 10
20170804 26.39 5.33 4.86 3.48 1.33 61050.42 RTS111 0.5648 0.5648 19 10
20170805 22.75 5.53 5.16 3.54 1.3 46966.09 RTS111 0.5648 0.5648 19 10
20170729 17.89 5.95 5.11 3.68 1.85 22919.49 RTS113 0.1627 0.1627 12 10
20170730 22.46 6.38 5.4 2.21 2.03 22964.89 RTS113 0.1627 0.1627 12 10
20170731 25.72 6.29 5.71 3.86 1.88 23727.63 RTS113 0.1627 0.1627 12 10
20170801 25.66 6.09 5.16 3.73 1.88 25996.93 RTS113 0.1627 0.1627 12 10
20170802 22.23 6.0 5.1 3.69 1.8 24419.41 RTS113 0.1627 0.1627 12 10
20170803 17.84 6.12 5.23 1.3 1.79 25745.52 RTS113 0.1627 0.1627 12 10
20170804 23.29 6.04 5.27 3.81 1.64 25280.38 RTS113 0.1627 0.1627 12 10
20170805 22.27 6.15 5.58 3.01 1.65 20355.18 RTS113 0.1627 0.1627 12 10
20170729 20.57 6.31 5.97 3.57 1.63 24386.04 RTS114 0.375 0.375 22 10
20170730 21.31 6.51 6.01 2.2 1.58 23571.31 RTS114 0.375 0.375 22 10
20170731 20.39 6.35 5.9 3.49 1.6 31696.68 RTS114 0.375 0.375 22 10
20170801 20.39 6.31 5.91 4.18 1.48 29293.62 RTS114 0.375 0.375 22 10
20170802 20.41 6.26 5.87 3.56 1.48 26601.45 RTS114 0.375 0.375 22 10
20170803 20.84 6.04 5.71 3.23 1.4 34413.71 RTS114 0.375 0.375 22 10
20170804 24.76 6.15 5.95 3.38 1.55 34657.07 RTS114 0.375 0.375 22 10
20170805 20.95 6.48 6.06 4.17 1.58 24115.35 RTS114 0.375 0.375 22 10
20170729 11.86 6.16 5.5 3.9 1.23 15940.85 RTS115 0.2603 0.2603 15 10
20170730 14.37 6.47 6.59 3.18 1.32 15410.36 RTS115 0.2603 0.2603 15 10
20170731 22.09 6.04 5.33 3.85 1.54 18321.01 RTS115 0.2603 0.2603 15 10
20170801 14.52 5.69 5.13 2.9 1.31 21200.36 RTS115 0.2603 0.2603 15 10
20170802 13.89 5.66 5.1 2.89 1.21 20015.64 RTS115 0.2603 0.2603 15 10
20170803 18.65 5.61 5.01 3.57 1.14 29548.61 RTS115 0.2603 0.2603 15 10
20170804 21.22 5.77 5.43 3.69 1.17 26233.69 RTS115 0.2603 0.2603 15 10
20170805 14.0 5.79 5.29 3.75 1.16 19594.64 RTS115 0.2603 0.2603 15 10
20170729 15.82 5.13 4.89 3.47 0.96 44932.7 RTS116 0.2169 0.2169 12 11
20170730 16.27 5.32 5.09 3.66 1.1 43255.32 RTS116 0.2169 0.2169 12 11
20170731 15.64 5.08 4.89 3.38 0.95 52400.29 RTS116 0.2169 0.2169 12 11
20170801 19.75 5.01 4.78 2.68 0.9 53873.82 RTS116 0.2169 0.2169 12 11
20170802 18.8 5.03 4.81 2.71 1.0 47714.12 RTS116 0.2169 0.2169 12 11
20170803 16.61 5.14 4.81 3.45 1.01 51451.52 RTS116 0.2169 0.2169 12 11
20170804 16.48 5.09 4.75 2.84 0.94 51780.56 RTS116 0.2169 0.2169 12 11
20170805 13.1 5.16 5.01 3.45 0.99 41733.8 RTS116 0.2169 0.2169 12 11
20170729 16.81 5.54 5.25 2.11 1.34 41259.26 RTS118 0.5 0.5 18 10
20170730 17.49 5.75 5.48 2.46 1.37 44297.09 RTS118 0.5 0.5 18 10
20170731 16.04 5.51 5.27 3.48 1.3 48387.91 RTS118 0.5 0.5 18 10
20170801 17.5 5.42 5.17 3.45 1.27 49363.93 RTS118 0.5 0.5 18 10
20170802 16.77 5.45 5.22 3.46 1.31 44180.7 RTS118 0.5 0.5 18 10
20170803 16.07 5.47 5.21 3.5 1.22 48694.45 RTS118 0.5 0.5 18 10
20170804 21.68 5.44 5.19 3.46 1.22 49999.96 RTS118 0.5 0.5 18 10
20170805 16.12 5.48 5.28 3.45 1.39 41805.21 RTS118 0.5 0.5 18 10
20170729 18.96 6.45 6.05 4.36 1.26 10876.53 RTS119 0.662 0.5495 15 12
20170730 16.76 6.68 6.23 4.53 1.33 11178.17 RTS119 0.662 0.5495 15 12
20170731 16.34 6.5 6.11 4.42 1.27 11415.44 RTS119 0.662 0.5495 15 12
20170801 28.63 6.53 6.05 4.37 1.31 12245.16 RTS119 0.662 0.5495 15 12
20170802 16.41 6.42 6.07 4.39 1.25 11224.65 RTS119 0.662 0.5495 15 12
20170803 18.13 6.13 5.76 4.16 1.24 16240.9 RTS119 0.662 0.5495 15 12
20170804 15.48 6.08 5.84 4.22 1.11 16034.76 RTS119 0.662 0.5495 15 12
20170805 15.33 6.16 6.05 4.36 1.06 12363.45 RTS119 0.662 0.5495 15 12
20170729 19.05 6.16 5.67 4.09 1.29 12686.08 RTS120 0.5337 0.5337 12 10
20170730 20.61 6.42 5.9 2.41 1.33 13543.84 RTS120 0.5337 0.5337 12 10
20170731 16.42 6.36 5.79 4.19 1.25 13600.12 RTS120 0.5337 0.5337 12 10
20170801 23.33 6.21 5.64 4.07 1.31 14454.31 RTS120 0.5337 0.5337 12 10
20170802 17.16 6.22 5.64 4.08 1.36 12972.89 RTS120 0.5337 0.5337 12 10
20170803 19.51 6.24 5.73 4.14 1.21 13828.79 RTS120 0.5337 0.5337 12 10
20170804 13.74 6.18 5.61 4.05 1.21 15534.27 RTS120 0.5337 0.5337 12 10
20170805 16.55 6.22 5.66 4.09 1.2 13642.31 RTS120 0.5337 0.5337 12 10
20170729 17.63 5.43 5.18 2.99 1.29 53405.22 RTS123 0.375 0.375 19 10
20170730 18.15 5.57 5.35 1.76 1.28 55526.57 RTS123 0.375 0.375 19 10
20170731 19.77 5.25 5.15 2.63 1.26 62174.36 RTS123 0.375 0.375 19 10
20170801 26.77 5.34 5.17 2.67 1.26 62561.39 RTS123 0.375 0.375 19 10
20170802 15.43 5.32 5.19 2.94 1.23 55632.88 RTS123 0.375 0.375 19 10
20170803 17.25 5.37 5.25 3.0 1.28 60842.76 RTS123 0.375 0.375 19 10
20170804 17.5 5.36 5.22 2.69 1.26 61903.04 RTS123 0.375 0.375 19 10
20170805 16.46 5.38 5.18 3.46 1.27 53188.18 RTS123 0.375 0.375 19 10
20170729 20.39 5.36 4.92 3.53 1.23 34793.31 RTS125 0.4 0.375 22 12
20170730 21.62 5.34 5.11 2.91 1.23 33821.29 RTS125 0.4 0.375 22 12
20170731 25.62 5.08 4.71 3.41 1.23 39116.92 RTS125 0.4 0.375 22 12
20170801 20.64 5.13 4.73 3.42 1.26 40114.01 RTS125 0.4 0.375 22 12
20170802 21.21 5.09 4.68 3.39 1.24 35611.15 RTS125 0.4 0.375 22 12
20170803 25.86 5.19 4.76 2.69 1.18 39796.63 RTS125 0.4 0.375 22 12
20170804 26.94 5.28 4.83 3.5 1.29 38975.07 RTS125 0.4 0.375 22 12
20170805 18.87 5.25 4.98 3.59 1.22 31871.86 RTS125 0.4 0.375 22 12
20170729 20.58 6.29 6.09 3.94 1.48 24875.97 RTS126 0.2207 0.1957 17 12
20170730 25.1 6.56 6.48 4.11 1.61 24289.64 RTS126 0.2207 0.1957 17 12
20170731 17.75 6.1 5.56 3.85 1.45 27794.33 RTS126 0.2207 0.1957 17 12
20170801 24.83 6.22 6.06 3.94 1.45 28929.27 RTS126 0.2207 0.1957 17 12
20170802 21.83 6.36 6.29 3.98 1.49 24475.16 RTS126 0.2207 0.1957 17 12
20170803 24.09 6.32 6.32 3.95 1.43 27352.87 RTS126 0.2207 0.1957 17 12
20170804 19.82 6.35 6.31 4.01 1.42 26806.6 RTS126 0.2207 0.1957 17 12
20170805 25.13 6.45 6.48 3.93 1.58 23917.7 RTS126 0.2207 0.1957 17 12
20170729 13.94 5.71 5.53 3.97 1.05 23290.73 RTS127 0.2858 0.2858 12 12
20170730 16.26 5.86 5.59 1.42 1.1 24827.25 RTS127 0.2858 0.2858 12 12
20170731 13.65 5.56 5.4 3.04 0.99 28900.5 RTS127 0.2858 0.2858 12 12
20170801 16.62 5.67 5.43 3.9 1.07 30452.05 RTS127 0.2858 0.2858 12 12
20170802 12.57 5.21 4.92 3.56 0.83 39551.08 RTS127 0.2858 0.2858 12 12
20170803 16.17 5.59 5.31 3.84 0.98 30554.96 RTS127 0.2858 0.2858 12 12
20170804 13.22 5.4 5.15 3.73 0.97 37147.33 RTS127 0.2858 0.2858 12 12
20170805 13.37 5.63 5.42 3.87 1.1 28942.54 RTS127 0.2858 0.2858 12 12
20170729 19.62 6.09 5.59 3.44 1.98 53946.67 RTS130 0.1177 0.1177 12 12
20170730 22.14 6.11 5.4 3.53 1.79 52995.33 RTS130 0.1177 0.1177 12 12
20170731 19.5 5.79 5.26 2.97 1.56 58879.48 RTS130 0.1177 0.1177 12 12
20170801 19.51 5.87 5.44 3.51 1.68 58577.96 RTS130 0.1177 0.1177 12 12
20170802 23.21 5.86 5.18 3.4 1.82 59164.66 RTS130 0.1177 0.1177 12 12
20170803 23.42 5.82 5.37 3.43 1.76 62677.07 RTS130 0.1177 0.1177 12 12
20170804 16.76 5.66 5.45 3.38 1.63 66120.48 RTS130 0.1177 0.1177 12 12
20170805 18.16 5.69 5.41 3.34 1.68 55351.82 RTS130 0.1177 0.1177 12 12
20170729 16.1 5.68 5.07 3.24 1.26 24006.08 RTS132 0.1788 0.1788 12 12
20170730 17.64 5.97 6.03 3.83 1.26 24443.04 RTS132 0.1788 0.1788 12 12
20170731 20.13 5.97 6.02 3.83 1.19 24904.84 RTS132 0.1788 0.1788 12 12
20170801 18.31 6.04 5.32 3.84 1.45 22565.46 RTS132 0.1788 0.1788 12 12
20170802 21.31 6.03 5.27 3.81 1.49 19930.18 RTS132 0.1788 0.1788 12 12
20170803 16.33 5.59 5.02 3.63 1.4 24629.98 RTS132 0.1788 0.1788 12 12
20170804 16.2 5.66 5.06 3.66 1.42 24329.39 RTS132 0.1788 0.1788 12 12
20170805 19.43 5.81 5.12 3.7 1.53 20117.51 RTS132 0.1788 0.1788 12 12
20170729 17.19 4.55 4.07 2.27 1.14 109971.51 RTS136 0.1559 0.1559 17 10
20170730 16.14 4.65 4.18 0.77 1.23 115043.91 RTS136 0.1559 0.1559 17 10
20170731 20.61 4.53 4.06 1.56 1.29 132830.32 RTS136 0.1559 0.1559 17 10
20170801 16.59 4.48 4.07 1.56 1.2 133252.45 RTS136 0.1559 0.1559 17 10
20170802 20.98 4.52 4.09 1.6 1.2 115241.57 RTS136 0.1559 0.1559 17 10
20170803 16.64 4.41 4.0 1.56 1.11 137020.51 RTS136 0.1559 0.1559 17 10
20170804 23.35 4.44 3.98 1.57 1.15 136214.19 RTS136 0.1559 0.1559 17 10
20170805 20.62 4.59 4.02 1.62 1.27 114400.0 RTS136 0.1559 0.1559 17 10
20170729 22.28 5.8 5.5 2.14 1.35 23852.52 RTS138 0.3738 0.2988 20 12
20170730 20.44 5.38 5.36 1.8 1.41 40595.62 RTS138 0.3738 0.2988 20 12
20170731 17.81 5.94 5.64 3.96 1.28 24792.8 RTS138 0.3738 0.2988 20 12
20170801 17.75 5.67 5.22 2.95 1.33 27592.42 RTS138 0.3738 0.2988 20 12
20170802 17.77 5.94 5.68 3.05 1.32 24421.97 RTS138 0.3738 0.2988 20 12
20170803 17.6 5.89 5.59 3.07 1.21 28007.06 RTS138 0.3738 0.2988 20 12
20170804 21.59 5.94 5.66 3.96 1.25 26972.75 RTS138 0.3738 0.2988 20 12
20170805 26.55 5.91 5.48 3.94 1.31 24111.67 RTS138 0.3738 0.2988 20 12
20170729 13.18 6.71 6.28 4.53 1.3 6234.09 RTS139 0.2094 0.2094 12 12
20170730 15.7 6.99 6.59 4.79 1.32 6120.98 RTS139 0.2094 0.2094 12 12
20170731 13.18 6.73 6.34 4.58 1.25 7179.56 RTS139 0.2094 0.2094 12 12
20170801 13.86 6.33 6.3 3.56 1.2 8102.8 RTS139 0.2094 0.2094 12 12
20170802 13.36 6.19 6.23 4.51 1.32 8362.17 RTS139 0.2094 0.2094 12 12
20170803 18.89 6.58 6.12 4.42 1.29 8525.94 RTS139 0.2094 0.2094 12 12
20170804 13.36 6.8 6.35 4.59 1.2 7104.72 RTS139 0.2094 0.2094 12 12
20170805 13.13 6.84 6.39 4.61 1.2 5853.04 RTS139 0.2094 0.2094 12 12
20170729 12.77 5.48 5.11 3.68 1.13 15961.18 RTS144 0.1398 0.1398 16 10
20170730 12.58 5.85 5.4 2.21 1.21 16328.39 RTS144 0.1398 0.1398 16 10
20170731 16.83 5.84 5.34 3.86 1.22 15674.17 RTS144 0.1398 0.1398 16 10
20170801 14.98 5.59 5.16 3.73 1.14 18112.07 RTS144 0.1398 0.1398 16 10
20170802 16.97 5.54 5.1 3.69 1.2 17311.82 RTS144 0.1398 0.1398 16 10
20170803 15.36 5.62 5.23 1.3 1.18 17197.83 RTS144 0.1398 0.1398 16 10
20170804 15.41 5.67 5.27 3.81 1.17 16803.22 RTS144 0.1398 0.1398 16 10
20170805 15.9 5.81 5.33 3.01 1.19 14059.91 RTS144 0.1398 0.1398 16 10
20170729 16.56 3.97 3.08 1.24 1.67 152200.39 RTS147 0.0183 0.0183 12 10
20170730 16.51 4.09 3.26 1.24 1.53 156870.04 RTS147 0.0183 0.0183 12 10
20170731 18.46 3.92 3.11 1.76 1.43 176934.33 RTS147 0.0183 0.0183 12 10
20170801 17.17 3.91 3.1 1.81 1.47 179142.58 RTS147 0.0183 0.0183 12 10
20170802 18.59 3.95 3.09 1.75 1.58 165075.31 RTS147 0.0183 0.0183 12 10
20170803 17.62 4.02 3.15 1.51 1.51 180498.96 RTS147 0.0183 0.0183 12 10
20170804 16.76 3.98 3.14 1.77 1.46 186215.8 RTS147 0.0183 0.0183 12 10
20170805 18.11 3.96 3.09 1.74 1.5 169246.68 RTS147 0.0183 0.0183 12 10
20170729 21.0 5.35 4.79 3.43 1.56 41199.06 RTS148 0.0473 0.0473 12 10
20170730 29.36 5.67 5.32 1.75 1.76 39055.75 RTS148 0.0473 0.0473 12 10
20170731 21.81 5.32 5.01 2.74 1.53 46172.99 RTS148 0.0473 0.0473 12 10
20170801 21.85 5.25 4.83 2.69 1.55 49255.48 RTS148 0.0473 0.0473 12 10
20170802 18.88 5.14 4.62 3.34 1.5 47637.57 RTS148 0.0473 0.0473 12 10
20170803 18.66 5.17 4.62 3.34 1.52 50430.72 RTS148 0.0473 0.0473 12 10
20170804 21.51 5.22 4.82 3.35 1.54 51359.28 RTS148 0.0473 0.0473 12 10
20170805 24.85 5.27 4.93 2.69 1.57 40232.26 RTS148 0.0473 0.0473 12 10
20170729 18.96 6.01 5.52 3.98 1.38 17869.02 RTS151 0.5 0.5 22 10
20170730 16.15 6.23 5.89 2.41 1.35 17155.48 RTS151 0.5 0.5 22 10
20170731 17.14 5.87 5.55 4.01 1.27 19797.92 RTS151 0.5 0.5 22 10
20170801 19.8 5.82 5.56 3.23 1.16 22328.58 RTS151 0.5 0.5 22 10
20170802 21.18 5.78 5.44 3.93 1.14 19917.57 RTS151 0.5 0.5 22 10
20170803 20.92 5.93 5.6 4.05 1.25 20531.09 RTS151 0.5 0.5 22 10
20170804 20.09 5.86 5.54 4.01 1.29 21476.52 RTS151 0.5 0.5 22 10
20170805 19.9 6.02 5.68 4.1 1.29 16986.54 RTS151 0.5 0.5 22 10
20170729 19.98 5.84 5.55 2.68 1.58 43265.19 RTS153 0.203 0.203 19 12
20170730 18.45 5.92 5.76 1.24 1.57 45573.89 RTS153 0.203 0.203 19 12
20170731 28.74 5.52 5.46 3.25 1.52 55837.01 RTS153 0.203 0.203 19 12
20170801 20.34 5.48 5.47 1.81 1.57 54640.35 RTS153 0.203 0.203 19 12
20170802 23.06 5.52 5.51 3.3 1.62 47409.78 RTS153 0.203 0.203 19 12
20170803 20.46 5.68 5.64 1.51 1.54 55474.53 RTS153 0.203 0.203 19 12
20170804 20.5 5.67 5.42 3.38 1.51 57880.68 RTS153 0.203 0.203 19 12
20170805 21.87 5.72 5.09 3.44 1.48 53091.26 RTS153 0.203 0.203 19 12
20170729 16.41 4.48 4.07 2.04 1.35 118435.85 RTS154 0.0553 0.0553 12 12
20170730 16.75 4.66 4.15 1.25 1.4 124557.69 RTS154 0.0553 0.0553 12 12
20170731 18.15 4.44 4.06 2.63 1.32 130866.29 RTS154 0.0553 0.0553 12 12
20170801 17.49 4.49 4.07 2.07 1.34 133217.8 RTS154 0.0553 0.0553 12 12
20170802 14.51 4.41 4.09 2.03 1.3 123320.21 RTS154 0.0553 0.0553 12 12
20170803 19.52 4.52 4.0 2.13 1.29 132818.48 RTS154 0.0553 0.0553 12 12
20170804 18.78 4.5 3.98 2.11 1.34 135042.33 RTS154 0.0553 0.0553 12 12
20170805 18.31 4.49 4.02 1.62 1.33 119579.48 RTS154 0.0553 0.0553 12 12
20170729 22.18 5.6 5.16 3.07 1.3 23502.01 RTS156 0.74 0.74 20 10
20170730 18.51 6.14 5.76 2.26 1.35 23906.66 RTS156 0.74 0.74 20 10
20170731 20.14 5.95 5.48 3.95 1.3 24652.51 RTS156 0.74 0.74 20 10
20170801 17.9 5.8 5.42 3.9 1.37 25367.73 RTS156 0.74 0.74 20 10
20170802 17.87 5.73 5.36 3.87 1.28 23029.75 RTS156 0.74 0.74 20 10
20170803 21.23 5.61 5.27 3.81 1.23 27485.22 RTS156 0.74 0.74 20 10
20170804 19.85 5.67 5.34 3.02 1.27 27147.75 RTS156 0.74 0.74 20 10
20170805 21.27 5.76 5.36 3.87 1.38 22481.46 RTS156 0.74 0.74 20 10
20170729 25.65 4.98 4.98 2.95 1.39 60484.96 RTS159 0.875 0.875 22 10
20170730 21.3 5.15 4.96 1.4 1.46 61378.75 RTS159 0.875 0.875 22 10
20170731 18.62 4.94 4.76 2.94 1.38 70728.98 RTS159 0.875 0.875 22 10
20170801 16.62 5.04 4.71 2.31 1.44 73647.84 RTS159 0.875 0.875 22 10
20170802 24.85 5.0 4.72 2.35 1.4 65564.46 RTS159 0.875 0.875 22 10
20170803 18.33 5.08 4.94 2.99 1.47 80066.97 RTS159 0.875 0.875 22 10
20170804 17.66 5.12 5.09 2.37 1.43 77229.61 RTS159 0.875 0.875 22 10
20170805 15.76 5.0 4.65 2.31 1.42 65640.87 RTS159 0.875 0.875 22 10
20170729 21.57 7.93 6.63 3.07 3.03 34434.95 RTS161 0.2796 0.2796 21 10
20170730 21.41 8.35 6.98 4.19 3.23 30937.58 RTS161 0.2796 0.2796 21 10
20170731 24.86 7.95 6.66 3.96 3.12 32869.03 RTS161 0.2796 0.2796 21 10
20170801 28.36 7.97 6.58 3.92 3.4 36841.17 RTS161 0.2796 0.2796 21 10
20170802 24.03 8.69 6.6 3.93 4.44 39061.02 RTS161 0.2796 0.2796 21 10
20170803 20.49 7.54 5.94 3.89 3.42 31264.43 RTS161 0.2796 0.2796 21 10
20170804 20.77 7.36 5.62 3.02 3.28 31837.27 RTS161 0.2796 0.2796 21 10
20170805 22.18 7.56 5.7 3.87 3.41 27026.92 RTS161 0.2796 0.2796 21 10
20170729 25.76 7.24 6.84 4.52 2.08 9307.18 RTS162 0.125 0.125 22 10
20170730 26.63 7.81 7.15 1.71 2.52 8464.32 RTS162 0.125 0.125 22 10
20170731 25.06 7.7 6.9 4.24 2.29 11051.25 RTS162 0.125 0.125 22 10
20170801 34.36 7.35 6.57 3.71 2.14 12296.39 RTS162 0.125 0.125 22 10
20170802 24.67 7.56 6.78 4.62 2.27 10929.3 RTS162 0.125 0.125 22 10
20170803 21.44 7.37 6.88 3.92 1.94 11463.94 RTS162 0.125 0.125 22 10
20170804 26.18 7.73 7.07 4.87 2.13 10184.63 RTS162 0.125 0.125 22 10
20170805 26.21 7.74 6.91 3.74 2.24 8431.6 RTS162 0.125 0.125 22 10
20170729 21.13 3.62 3.38 1.12 1.1 204911.96 RTS164 0.4044 0.4044 12 10
20170730 18.46 3.82 3.57 0.75 1.14 214897.8 RTS164 0.4044 0.4044 12 10
20170731 13.73 3.64 3.43 1.14 1.08 226453.21 RTS164 0.4044 0.4044 12 10
20170801 15.06 3.65 3.42 1.13 1.07 236002.77 RTS164 0.4044 0.4044 12 10
20170802 15.21 3.65 3.42 1.59 1.08 213417.2 RTS164 0.4044 0.4044 12 10
20170803 14.0 3.68 3.46 1.15 1.08 231159.79 RTS164 0.4044 0.4044 12 10
20170804 15.1 3.66 3.4 1.13 1.07 244189.76 RTS164 0.4044 0.4044 12 10
20170805 12.97 3.61 3.37 1.55 1.09 221079.94 RTS164 0.4044 0.4044 12 10
20170729 14.11 5.99 5.79 2.98 1.21 26858.52 RTS166 0.238 0.088 15 12
20170730 16.13 6.2 6.05 1.82 1.16 28495.71 RTS166 0.238 0.088 15 12
20170731 14.19 6.07 5.8 3.9 1.2 29127.15 RTS166 0.238 0.088 15 12
20170801 17.45 6.04 5.76 3.91 1.22 29317.17 RTS166 0.238 0.088 15 12
20170802 15.66 6.12 5.87 3.92 1.25 24937.64 RTS166 0.238 0.088 15 12
20170803 16.81 6.1 5.76 3.86 1.23 32270.85 RTS166 0.238 0.088 15 12
20170804 17.26 5.98 5.9 3.33 1.19 31869.97 RTS166 0.238 0.088 15 12
20170805 17.44 5.72 5.68 3.76 1.02 33430.93 RTS166 0.238 0.088 15 12
20170729 23.16 5.98 5.29 3.82 1.55 17920.98 RTS167 0.1787 0.1787 12 10
20170730 24.17 6.13 5.42 3.09 1.64 19518.95 RTS167 0.1787 0.1787 12 10
20170731 25.17 5.99 5.95 2.9 1.73 28741.52 RTS167 0.1787 0.1787 12 10
20170801 22.25 6.31 5.47 3.76 2.14 27405.68 RTS167 0.1787 0.1787 12 10
20170802 23.37 5.94 5.2 3.75 1.77 25647.55 RTS167 0.1787 0.1787 12 10
20170803 17.84 5.6 5.09 3.65 1.34 30170.69 RTS167 0.1787 0.1787 12 10
20170804 21.08 5.79 5.19 3.75 1.45 24705.54 RTS167 0.1787 0.1787 12 10
20170805 21.59 6.14 5.29 3.82 1.93 18929.48 RTS167 0.1787 0.1787 12 10
20170729 25.11 5.57 5.07 3.62 1.26 25621.91 RTS171 0.3665 0.3665 12 10
20170730 20.58 5.88 5.37 3.78 1.29 26947.88 RTS171 0.3665 0.3665 12 10
20170731 25.24 5.71 5.04 3.65 1.36 27101.88 RTS171 0.3665 0.3665 12 10
20170801 20.44 5.54 4.79 3.46 1.32 32508.81 RTS171 0.3665 0.3665 12 10
20170802 17.22 5.41 4.7 3.4 1.33 30749.9 RTS171 0.3665 0.3665 12 10
20170803 17.58 5.55 5.04 3.65 1.31 27980.18 RTS171 0.3665 0.3665 12 10
20170804 17.9 5.69 5.07 3.67 1.33 27290.23 RTS171 0.3665 0.3665 12 10
20170805 17.96 5.41 4.88 3.52 1.43 26623.98 RTS171 0.3665 0.3665 12 10
20170729 27.8 5.54 4.77 2.69 1.34 34390.8 RTS173 0.5385 0.5385 19 10
20170730 16.66 5.91 5.62 2.9 1.27 36476.47 RTS173 0.5385 0.5385 19 10
20170731 18.13 5.65 5.46 3.57 1.2 37772.66 RTS173 0.5385 0.5385 19 10
20170801 18.83 5.58 5.34 3.51 1.24 39703.75 RTS173 0.5385 0.5385 19 10
20170802 24.04 5.37 4.84 3.4 1.22 40304.4 RTS173 0.5385 0.5385 19 10
20170803 18.73 5.41 5.35 3.43 1.22 46563.59 RTS173 0.5385 0.5385 19 10
20170804 18.9 5.41 4.95 3.38 1.27 44710.66 RTS173 0.5385 0.5385 19 10
20170805 23.29 5.4 5.25 3.34 1.22 41609.0 RTS173 0.5385 0.5385 19 10
20170729 22.59 7.39 6.71 4.84 2.01 4287.88 RTS174 0.1935 0.1935 12 12
20170730 23.55 7.68 7.11 2.65 1.77 3807.87 RTS174 0.1935 0.1935 12 12
20170731 17.84 7.04 6.53 4.72 1.72 5251.54 RTS174 0.1935 0.1935 12 12
20170801 22.2 7.15 6.55 4.73 1.75 5435.83 RTS174 0.1935 0.1935 12 12
20170802 25.63 7.1 6.5 4.7 2.14 5009.23 RTS174 0.1935 0.1935 12 12
20170803 24.02 6.77 6.53 4.67 1.54 8533.42 RTS174 0.1935 0.1935 12 12
20170804 24.6 7.1 6.54 4.73 1.75 6209.55 RTS174 0.1935 0.1935 12 12
20170805 25.4 7.14 6.57 4.74 1.92 4632.85 RTS174 0.1935 0.1935 12 12
20170729 20.37 5.39 5.02 3.32 1.39 49966.74 RTS176 0.5 0.5 21 10
20170730 20.71 5.55 5.2 3.45 1.5 54726.86 RTS176 0.5 0.5 21 10
20170731 17.53 5.43 5.04 2.6 1.43 58403.59 RTS176 0.5 0.5 21 10
20170801 17.21 5.28 4.79 3.28 1.32 65389.86 RTS176 0.5 0.5 21 10
20170802 17.59 5.12 4.7 2.48 1.35 64214.29 RTS176 0.5 0.5 21 10
20170803 19.91 5.28 5.04 3.26 1.37 61373.28 RTS176 0.5 0.5 21 10
20170804 17.45 5.38 5.07 3.31 1.36 59754.37 RTS176 0.5 0.5 21 10
20170805 18.52 5.27 4.88 2.57 1.44 53287.57 RTS176 0.5 0.5 21 10
20170729 21.71 5.91 5.19 3.33 1.43 24532.76 RTS177 0.5227 0.5227 20 10
20170730 18.06 6.19 5.47 2.66 1.47 25608.36 RTS177 0.5227 0.5227 20 10
20170731 19.28 6.01 5.94 3.76 1.47 27999.98 RTS177 0.5227 0.5227 20 10
20170801 20.43 6.05 5.87 3.77 1.42 29847.65 RTS177 0.5227 0.5227 20 10
20170802 22.56 5.88 5.31 3.74 1.36 27179.63 RTS177 0.5227 0.5227 20 10
20170803 19.44 6.02 5.29 3.8 1.43 27406.36 RTS177 0.5227 0.5227 20 10
20170804 17.41 6.01 5.53 3.6 1.45 28194.0 RTS177 0.5227 0.5227 20 10
20170805 20.48 5.74 5.23 3.66 1.46 26877.22 RTS177 0.5227 0.5227 20 10
20170729 17.08 5.94 5.24 3.44 1.86 57354.41 RTS179 0.0159 0.0159 12 10
20170730 17.79 5.88 5.29 3.74 1.7 56491.54 RTS179 0.0159 0.0159 12 10
20170731 18.58 5.51 5.08 2.97 1.46 61871.2 RTS179 0.0159 0.0159 12 10
20170801 17.86 5.74 5.09 3.51 1.63 61187.38 RTS179 0.0159 0.0159 12 10
20170802 17.92 5.76 5.18 3.4 1.75 59131.69 RTS179 0.0159 0.0159 12 10
20170803 18.14 5.75 5.12 3.43 1.73 61484.39 RTS179 0.0159 0.0159 12 10
20170804 18.43 5.63 5.11 3.38 1.69 62846.94 RTS179 0.0159 0.0159 12 10
20170805 16.53 5.55 4.98 3.34 1.65 57879.87 RTS179 0.0159 0.0159 12 10
20170729 24.37 4.1 3.62 1.24 1.68 184742.31 RTS182 0.3597 0.3597 12 10
20170730 21.37 4.25 3.88 1.33 1.61 186535.22 RTS182 0.3597 0.3597 12 10
20170731 20.14 4.1 3.78 1.76 1.6 205677.64 RTS182 0.3597 0.3597 12 10
20170801 20.29 4.09 3.77 2.24 1.58 209114.31 RTS182 0.3597 0.3597 12 10
20170802 18.31 4.1 3.76 1.75 1.61 195657.39 RTS182 0.3597 0.3597 12 10
20170803 17.27 4.18 3.83 1.78 1.6 213402.88 RTS182 0.3597 0.3597 12 10
20170804 18.22 4.12 3.81 1.77 1.57 209914.6 RTS182 0.3597 0.3597 12 10
20170805 18.11 4.08 3.76 1.74 1.62 187719.61 RTS182 0.3597 0.3597 12 10
20170729 14.03 4.84 4.39 2.39 1.13 87764.53 RTS186 0.1019 0.1019 12 12
20170730 14.0 5.01 4.69 1.43 1.21 87826.03 RTS186 0.1019 0.1019 12 12
20170731 17.37 4.66 4.18 2.34 1.15 110445.42 RTS186 0.1019 0.1019 12 12
20170801 16.02 4.68 4.22 2.98 1.16 114403.73 RTS186 0.1019 0.1019 12 12
20170802 16.01 4.62 4.17 3.01 1.12 101871.05 RTS186 0.1019 0.1019 12 12
20170803 16.65 4.7 4.27 3.06 1.1 109037.96 RTS186 0.1019 0.1019 12 12
20170804 15.17 4.85 4.44 2.43 1.1 105848.81 RTS186 0.1019 0.1019 12 12
20170805 15.03 4.8 4.45 3.06 1.1 92195.87 RTS186 0.1019 0.1019 12 12
20170729 12.5 5.63 5.02 2.83 1.33 17810.67 RTS187 0.1628 0.1628 12 10
20170730 14.97 5.77 5.23 2.98 1.4 17909.67 RTS187 0.1628 0.1628 12 10
20170731 16.1 5.59 5.06 3.66 1.36 19005.42 RTS187 0.1628 0.1628 12 10
20170801 15.83 5.34 4.9 3.54 1.3 22117.67 RTS187 0.1628 0.1628 12 10
20170802 18.12 5.42 4.91 3.55 1.36 20782.83 RTS187 0.1628 0.1628 12 10
20170803 12.64 5.51 4.99 3.61 1.28 21582.42 RTS187 0.1628 0.1628 12 10
20170804 13.18 5.46 4.98 2.81 1.28 21351.29 RTS187 0.1628 0.1628 12 10
20170805 14.74 5.61 5.02 2.83 1.3 19121.42 RTS187 0.1628 0.1628 12 10
20170729 19.99 6.04 5.57 3.95 1.44 24561.84 RTS190 0.4086 0.3711 22 12
20170730 26.75 6.27 5.65 1.82 1.76 27655.04 RTS190 0.4086 0.3711 22 12
20170731 26.09 6.12 5.84 3.08 1.55 26493.52 RTS190 0.4086 0.3711 22 12
20170801 30.27 6.0 5.8 3.84 1.47 30766.92 RTS190 0.4086 0.3711 22 12
20170802 23.74 5.91 5.61 3.87 1.35 27741.89 RTS190 0.4086 0.3711 22 12
20170803 24.36 5.89 5.58 3.92 1.3 31558.4 RTS190 0.4086 0.3711 22 12
20170804 24.24 5.85 5.66 3.91 1.28 31553.19 RTS190 0.4086 0.3711 22 12
20170805 15.9 5.71 5.45 3.8 1.25 29965.74 RTS190 0.4086 0.3711 22 12
20170729 22.22 6.95 6.92 4.56 1.42 9987.0 RTS193 0.2883 0.2883 19 10
20170730 23.78 7.17 6.95 4.76 1.45 10566.84 RTS193 0.2883 0.2883 19 10
20170731 14.73 6.95 6.8 4.62 1.24 11779.8 RTS193 0.2883 0.2883 19 10
20170801 21.1 6.91 6.93 4.54 1.34 12498.18 RTS193 0.2883 0.2883 19 10
20170802 14.97 6.82 6.32 4.46 1.37 11084.28 RTS193 0.2883 0.2883 19 10
20170803 23.39 6.87 6.88 4.5 1.47 13178.31 RTS193 0.2883 0.2883 19 10
20170804 14.4 6.77 6.42 4.63 1.24 14179.83 RTS193 0.2883 0.2883 19 10
20170805 18.66 6.99 6.89 4.69 1.38 10655.48 RTS193 0.2883 0.2883 19 10
20170729 27.34 3.74 3.08 1.74 1.42 119327.47 RTS204 0.3962 0.3962 12 10
20170730 25.48 3.99 3.26 0.83 1.63 123267.7 RTS204 0.3962 0.3962 12 10
20170731 27.12 3.68 3.0 1.21 1.53 149300.07 RTS204 0.3962 0.3962 12 10
20170801 27.28 3.61 2.92 1.65 1.49 162016.35 RTS204 0.3962 0.3962 12 10
20170802 25.86 3.62 2.96 1.2 1.46 140082.49 RTS204 0.3962 0.3962 12 10
20170803 32.82 3.53 2.9 1.64 1.43 164024.39 RTS204 0.3962 0.3962 12 10
20170804 27.2 3.59 2.95 1.67 1.46 161897.46 RTS204 0.3962 0.3962 12 10
20170805 23.03 3.66 3.02 1.22 1.45 130383.2 RTS204 0.3962 0.3962 12 10
20170729 27.04 3.3 2.98 1.68 1.13 103949.79 RTS205 0.382 0.382 12 10
20170730 21.95 3.51 3.16 1.8 1.19 107493.06 RTS205 0.382 0.382 12 10
20170731 27.55 3.35 3.0 1.21 1.12 117612.97 RTS205 0.382 0.382 12 10
20170801 23.84 3.38 3.0 1.7 1.13 121875.02 RTS205 0.382 0.382 12 10
20170802 28.75 3.42 3.03 1.71 1.15 109066.14 RTS205 0.382 0.382 12 10
20170803 22.3 3.48 3.01 1.7 1.29 126677.11 RTS205 0.382 0.382 12 10
20170804 22.57 3.47 3.04 1.72 1.26 124915.55 RTS205 0.382 0.382 12 10
20170805 23.39 3.4 3.01 1.7 1.19 108264.96 RTS205 0.382 0.382 12 10
20170729 20.25 5.74 4.85 3.5 1.74 28722.17 RTS207 0.4215 0.4215 12 10
20170730 24.56 5.74 4.83 2.76 1.78 33661.15 RTS207 0.4215 0.4215 12 10
20170731 24.82 5.62 4.68 3.38 1.82 38054.86 RTS207 0.4215 0.4215 12 10
20170801 23.03 5.76 5.1 3.49 1.83 38065.82 RTS207 0.4215 0.4215 12 10
20170802 23.15 5.75 5.11 3.49 1.84 33682.5 RTS207 0.4215 0.4215 12 10
20170803 23.48 5.7 5.06 3.5 1.81 37027.28 RTS207 0.4215 0.4215 12 10
20170804 24.2 5.69 5.07 3.5 1.69 37691.05 RTS207 0.4215 0.4215 12 10
20170805 19.99 5.76 4.87 3.52 1.71 29599.04 RTS207 0.4215 0.4215 12 10
20170729 19.15 4.44 4.03 2.04 1.22 129819.33 RTS209 0.5 0.5 19 12
20170730 17.35 4.63 4.18 0.77 1.3 134999.71 RTS209 0.5 0.5 19 12
20170731 20.62 4.39 3.86 1.56 1.24 155847.82 RTS209 0.5 0.5 19 12
20170801 16.59 4.4 3.86 1.56 1.25 161671.13 RTS209 0.5 0.5 19 12
20170802 18.7 4.36 3.97 1.6 1.23 142807.11 RTS209 0.5 0.5 19 12
20170803 21.03 4.47 3.88 1.56 1.22 155559.49 RTS209 0.5 0.5 19 12
20170804 16.66 4.44 3.9 1.57 1.2 158880.94 RTS209 0.5 0.5 19 12
20170805 17.64 4.45 3.99 2.07 1.21 139024.39 RTS209 0.5 0.5 19 12
20170729 17.91 4.93 4.23 2.39 1.35 46226.58 RTS210 0.75 0.75 18 10
20170730 16.09 5.14 4.45 1.13 1.36 47715.18 RTS210 0.75 0.75 18 10
20170731 15.79 4.8 4.22 3.05 1.23 52333.5 RTS210 0.75 0.75 18 10
20170801 16.69 4.89 4.26 3.08 1.27 53768.7 RTS210 0.75 0.75 18 10
20170802 16.11 4.91 4.31 2.44 1.28 46081.84 RTS210 0.75 0.75 18 10
20170803 15.78 4.78 4.17 3.01 1.24 56830.32 RTS210 0.75 0.75 18 10
20170804 16.03 4.53 3.96 2.86 1.22 65622.42 RTS210 0.75 0.75 18 10
20170805 15.26 4.66 4.08 2.94 1.31 52013.16 RTS210 0.75 0.75 18 10
20170729 22.11 7.11 6.71 4.84 1.62 6920.78 RTS211 0.3541 0.3541 21 12
20170730 20.94 7.42 7.11 5.15 1.7 7141.96 RTS211 0.3541 0.3541 21 12
20170731 21.34 6.81 6.53 4.72 1.51 9510.09 RTS211 0.3541 0.3541 21 12
20170801 22.3 6.98 6.55 4.73 1.83 9895.62 RTS211 0.3541 0.3541 21 12
20170802 32.77 6.86 6.5 4.7 1.7 9218.68 RTS211 0.3541 0.3541 21 12
20170803 21.95 6.99 6.46 4.67 2.04 11585.78 RTS211 0.3541 0.3541 21 12
20170804 23.72 6.83 6.54 3.67 1.65 11436.19 RTS211 0.3541 0.3541 21 12
20170805 16.37 6.89 6.6 4.74 1.52 8581.47 RTS211 0.3541 0.3541 21 12
20170729 36.38 4.7 4.07 2.93 1.75 44287.88 RTS212 0.4672 0.4672 12 10
20170730 29.63 4.76 4.15 1.37 1.69 49691.26 RTS212 0.4672 0.4672 12 10
20170731 36.69 4.63 4.06 2.93 1.66 50084.74 RTS212 0.4672 0.4672 12 10
20170801 27.62 4.61 4.07 2.3 1.51 50295.69 RTS212 0.4672 0.4672 12 10
20170802 46.16 4.63 4.09 2.31 1.56 44237.04 RTS212 0.4672 0.4672 12 10
20170803 29.74 4.5 4.0 2.26 1.54 52768.18 RTS212 0.4672 0.4672 12 10
20170804 28.36 4.5 3.98 2.88 1.56 54143.21 RTS212 0.4672 0.4672 12 10
20170805 28.81 4.76 4.02 2.27 1.76 48915.29 RTS212 0.4672 0.4672 12 10
20170729 19.45 4.92 4.38 2.76 1.64 163622.87 RTS213 0.0121 0.0121 12 10
20170730 19.93 5.18 4.64 1.66 1.72 164950.78 RTS213 0.0121 0.0121 12 10
20170731 20.51 4.99 4.53 2.82 1.67 175002.58 RTS213 0.0121 0.0121 12 10
20170801 19.92 4.91 4.57 2.8 1.62 184723.46 RTS213 0.0121 0.0121 12 10
20170802 20.51 4.96 4.59 1.85 1.67 167027.9 RTS213 0.0121 0.0121 12 10
20170803 19.31 5.01 4.63 1.87 1.67 182569.67 RTS213 0.0121 0.0121 12 10
20170804 20.78 4.99 4.5 2.18 1.64 186708.92 RTS213 0.0121 0.0121 12 10
20170805 25.92 5.0 4.48 2.19 1.75 159742.56 RTS213 0.0121 0.0121 12 10
20170729 14.78 4.81 4.3 2.3 1.2 74039.69 RTS214 0.625 0.625 17 10
20170730 16.31 5.06 4.6 1.41 1.23 73767.53 RTS214 0.625 0.625 17 10
20170731 16.56 5.0 4.6 2.54 1.19 74702.75 RTS214 0.625 0.625 17 10
20170801 15.08 4.91 4.66 1.33 1.25 76221.97 RTS214 0.625 0.625 17 10
20170802 15.68 4.88 4.68 2.97 1.19 67138.38 RTS214 0.625 0.625 17 10
20170803 14.39 4.85 4.55 2.32 1.24 78895.89 RTS214 0.625 0.625 17 10
20170804 14.98 4.84 4.49 3.0 1.16 79839.63 RTS214 0.625 0.625 17 10
20170805 17.21 4.85 4.4 2.91 1.12 77554.98 RTS214 0.625 0.625 17 10
20170729 15.45 5.44 5.29 2.98 1.14 36174.19 RTS215 0.1184 0.1184 12 10
20170730 16.36 5.81 5.55 1.76 1.14 34388.54 RTS215 0.1184 0.1184 12 10
20170731 19.46 5.57 5.4 3.71 1.17 39265.0 RTS215 0.1184 0.1184 12 10
20170801 26.27 5.57 5.39 3.74 1.18 39504.38 RTS215 0.1184 0.1184 12 10
20170802 18.36 5.49 5.34 3.69 1.15 37122.23 RTS215 0.1184 0.1184 12 10
20170803 20.46 5.45 5.34 2.89 1.17 42318.47 RTS215 0.1184 0.1184 12 10
20170804 20.9 5.42 5.33 2.02 1.11 44830.49 RTS215 0.1184 0.1184 12 10
20170805 15.78 5.47 5.22 2.85 1.12 38107.03 RTS215 0.1184 0.1184 12 10
20170729 27.37 5.97 5.49 3.22 2.31 40748.67 RTS217 0.2256 0.2256 12 10
20170730 29.07 6.14 5.59 2.92 2.35 40922.37 RTS217 0.2256 0.2256 12 10
20170731 23.11 5.99 5.59 3.6 2.27 43381.02 RTS217 0.2256 0.2256 12 10
20170801 32.81 6.0 5.61 2.81 2.26 45639.89 RTS217 0.2256 0.2256 12 10
20170802 27.84 6.23 5.62 2.89 2.4 40895.74 RTS217 0.2256 0.2256 12 10
20170803 27.46 5.97 5.56 2.82 2.22 47112.8 RTS217 0.2256 0.2256 12 10
20170804 30.73 5.79 5.13 3.63 2.09 52065.88 RTS217 0.2256 0.2256 12 10
20170805 29.22 6.0 5.59 3.61 2.25 41381.95 RTS217 0.2256 0.2256 12 10
20170729 17.13 3.59 3.08 1.74 1.27 108595.26 RTS218 0.1237 0.1237 12 10
20170730 16.16 3.81 3.26 0.83 1.28 112459.03 RTS218 0.1237 0.1237 12 10
20170731 19.66 3.48 3.0 1.21 1.26 130625.53 RTS218 0.1237 0.1237 12 10
20170801 14.87 3.42 2.92 1.65 1.27 142567.63 RTS218 0.1237 0.1237 12 10
20170802 15.11 3.44 2.96 1.2 1.24 124232.57 RTS218 0.1237 0.1237 12 10
20170803 17.95 3.37 2.9 1.64 1.25 146193.79 RTS218 0.1237 0.1237 12 10
20170804 15.69 3.42 2.95 1.67 1.24 142915.02 RTS218 0.1237 0.1237 12 10
20170805 15.19 3.51 3.02 1.22 1.27 118712.16 RTS218 0.1237 0.1237 12 10
20170729 17.93 3.68 3.08 1.34 1.17 135387.28 RTS219 0.0854 0.0854 12 10
20170730 19.65 3.9 3.26 0.83 1.22 139278.4 RTS219 0.0854 0.0854 12 10
20170731 17.47 3.62 3.0 1.21 1.24 157349.08 RTS219 0.0854 0.0854 12 10
20170801 15.08 3.55 2.92 1.65 1.24 168217.5 RTS219 0.0854 0.0854 12 10
20170802 17.95 3.61 2.96 1.2 1.28 150663.46 RTS219 0.0854 0.0854 12 10
20170803 17.72 3.52 2.9 1.64 1.22 178498.28 RTS219 0.0854 0.0854 12 10
20170804 15.88 3.56 2.95 1.67 1.22 173829.87 RTS219 0.0854 0.0854 12 10
20170805 15.97 3.64 3.02 1.22 1.31 142463.58 RTS219 0.0854 0.0854 12 10
20170729 17.3 5.13 4.76 2.68 1.14 64379.71 RTS220 0.2639 0.2639 12 10
20170730 14.97 5.38 4.93 1.89 1.15 66017.25 RTS220 0.2639 0.2639 12 10
20170731 17.72 5.23 4.75 3.27 1.13 70630.73 RTS220 0.2639 0.2639 12 10
20170801 17.56 5.1 4.61 3.3 1.09 74371.69 RTS220 0.2639 0.2639 12 10
20170802 13.82 5.1 4.65 1.85 1.08 65422.95 RTS220 0.2639 0.2639 12 10
20170803 15.83 5.14 4.65 1.87 1.09 72716.93 RTS220 0.2639 0.2639 12 10
20170804 16.37 5.05 4.63 3.02 1.06 78885.02 RTS220 0.2639 0.2639 12 10
20170805 17.23 5.01 4.51 2.55 1.12 71381.97 RTS220 0.2639 0.2639 12 10
20170729 16.56 5.22 4.76 3.16 1.57 94478.9 RTS222 0.125 0.125 17 10
20170730 16.51 5.39 5.14 1.89 1.41 94190.68 RTS222 0.125 0.125 17 10
20170731 16.18 5.21 4.94 2.63 1.27 98815.76 RTS222 0.125 0.125 17 10
20170801 16.27 5.16 4.86 3.24 1.35 105552.99 RTS222 0.125 0.125 17 10
20170802 17.45 5.22 4.7 1.85 1.51 97993.35 RTS222 0.125 0.125 17 10
20170803 16.05 5.26 4.75 1.87 1.46 102753.2 RTS222 0.125 0.125 17 10
20170804 16.76 5.11 4.67 3.25 1.35 110616.53 RTS222 0.125 0.125 17 10
20170805 17.68 5.08 4.62 2.54 1.37 99708.61 RTS222 0.125 0.125 17 10
20170729 15.73 6.72 6.44 4.34 1.4 11261.66 RTS224 0.3835 0.3835 12 10
20170730 16.43 6.95 6.76 4.5 1.47 12210.1 RTS224 0.3835 0.3835 12 10
20170731 18.96 6.71 6.55 4.37 1.34 12478.67 RTS224 0.3835 0.3835 12 10
20170801 13.46 6.61 6.2 4.34 1.22 13135.17 RTS224 0.3835 0.3835 12 10
20170802 17.63 6.72 6.57 4.34 1.31 12385.46 RTS224 0.3835 0.3835 12 10
20170803 18.86 6.69 6.48 4.36 1.34 13931.99 RTS224 0.3835 0.3835 12 10
20170804 16.45 6.84 6.46 4.4 1.45 12967.83 RTS224 0.3835 0.3835 12 10
20170805 16.54 6.72 6.48 4.42 1.28 11113.53 RTS224 0.3835 0.3835 12 10
20170729 20.39 4.92 4.7 2.29 1.3 84777.05 RTS225 0.125 0.125 20 10
20170730 19.52 5.18 5.04 1.63 1.33 86024.62 RTS225 0.125 0.125 20 10
20170731 16.8 5.14 4.83 2.37 1.37 89265.78 RTS225 0.125 0.125 20 10
20170801 18.45 5.09 4.71 2.66 1.33 97700.22 RTS225 0.125 0.125 20 10
20170802 16.68 5.0 4.75 2.97 1.33 90384.4 RTS225 0.125 0.125 20 10
20170803 19.41 4.99 4.61 2.35 1.3 101968.76 RTS225 0.125 0.125 20 10
20170804 20.17 5.09 4.84 2.69 1.4 99070.64 RTS225 0.125 0.125 20 10
20170805 17.97 5.08 4.76 2.99 1.38 85620.26 RTS225 0.125 0.125 20 10
20170729 13.43 6.08 5.61 3.9 1.35 30534.1 RTS226 0.5 0.5 16 10
20170730 17.01 6.38 5.95 3.9 1.34 30097.56 RTS226 0.5 0.5 16 10
20170731 23.23 5.95 5.62 3.72 1.32 35404.29 RTS226 0.5 0.5 16 10
20170801 13.44 5.96 5.5 3.85 1.26 36060.54 RTS226 0.5 0.5 16 10
20170802 17.46 6.05 5.5 3.92 1.26 32193.15 RTS226 0.5 0.5 16 10
20170803 15.53 6.01 5.59 3.26 1.29 33505.42 RTS226 0.5 0.5 16 10
20170804 14.36 5.87 5.55 3.79 1.26 37389.72 RTS226 0.5 0.5 16 10
20170805 15.96 6.04 5.69 3.83 1.22 31539.86 RTS226 0.5 0.5 16 10
20170729 16.62 3.68 3.08 1.74 1.3 117872.87 RTS227 0.714 0.714 17 10
20170730 17.01 3.9 3.26 0.83 1.33 121667.07 RTS227 0.714 0.714 17 10
20170731 14.32 3.58 3.0 1.21 1.26 145071.73 RTS227 0.714 0.714 17 10
20170801 13.43 3.49 2.92 1.65 1.25 154869.17 RTS227 0.714 0.714 17 10
20170802 14.92 3.52 2.96 1.2 1.27 134352.02 RTS227 0.714 0.714 17 10
20170803 14.72 3.42 2.9 1.64 1.24 155009.51 RTS227 0.714 0.714 17 10
20170804 14.78 3.51 2.95 1.67 1.26 155823.79 RTS227 0.714 0.714 17 10
20170805 15.96 3.63 3.02 1.22 1.35 129805.18 RTS227 0.714 0.714 17 10
20170729 20.92 5.44 5.38 2.7 1.2 67454.83 RTS228 0.5 0.5 20 10
20170730 18.64 5.68 5.61 1.98 1.5 73959.39 RTS228 0.5 0.5 20 10
20170731 19.14 5.54 5.33 3.47 1.48 79490.64 RTS228 0.5 0.5 20 10
20170801 19.41 5.54 5.23 3.56 1.34 80137.96 RTS228 0.5 0.5 20 10
20170802 18.79 5.47 5.18 3.56 1.28 72658.69 RTS228 0.5 0.5 20 10
20170803 19.65 5.41 5.08 2.75 1.3 82783.98 RTS228 0.5 0.5 20 10
20170804 22.45 5.43 5.18 2.93 1.34 83016.87 RTS228 0.5 0.5 20 10
20170805 23.61 5.41 5.17 3.4 1.32 74564.45 RTS228 0.5 0.5 20 10
20170729 23.53 5.67 5.48 3.07 1.23 52722.3 RTS229 0.5031 0.5031 12 10
20170730 21.35 5.87 5.65 3.71 1.2 53245.36 RTS229 0.5031 0.5031 12 10
20170731 18.01 5.72 5.5 3.67 1.15 56616.56 RTS229 0.5031 0.5031 12 10
20170801 23.32 5.72 5.47 3.7 1.28 59639.94 RTS229 0.5031 0.5031 12 10
20170802 23.3 5.58 5.5 3.56 1.24 55416.65 RTS229 0.5031 0.5031 12 10
20170803 23.32 5.55 5.38 3.52 1.17 62906.09 RTS229 0.5031 0.5031 12 10
20170804 17.94 5.73 5.44 3.02 1.24 60877.9 RTS229 0.5031 0.5031 12 10
20170805 23.73 5.81 5.54 3.74 1.31 48972.12 RTS229 0.5031 0.5031 12 10
20170729 21.51 6.57 6.2 4.33 1.39 12304.36 RTS230 0.2529 0.2529 12 10
20170730 21.89 6.56 6.31 2.44 1.31 15463.8 RTS230 0.2529 0.2529 12 10
20170731 16.72 6.52 6.18 4.29 1.32 15151.49 RTS230 0.2529 0.2529 12 10
20170801 17.74 6.51 6.17 4.31 1.35 15426.13 RTS230 0.2529 0.2529 12 10
20170802 23.81 6.65 6.05 2.44 1.37 16261.4 RTS230 0.2529 0.2529 12 10
20170803 20.95 6.12 5.84 4.06 1.19 24258.32 RTS230 0.2529 0.2529 12 10
20170804 17.28 6.36 6.06 4.26 1.25 17903.28 RTS230 0.2529 0.2529 12 10
20170805 17.96 6.57 6.14 3.9 1.57 14073.39 RTS230 0.2529 0.2529 12 10
20170729 17.44 5.5 5.1 1.81 1.39 80881.48 RTS232 0.311 0.311 18 10
20170730 16.61 5.63 5.32 1.53 1.43 82325.89 RTS232 0.311 0.311 18 10
20170731 18.69 5.31 5.01 1.73 1.32 93521.88 RTS232 0.311 0.311 18 10
20170801 17.52 5.22 5.0 1.69 1.38 104777.49 RTS232 0.311 0.311 18 10
20170802 17.25 5.36 5.03 1.76 1.33 86356.68 RTS232 0.311 0.311 18 10
20170803 19.49 5.29 5.12 1.75 1.31 98212.88 RTS232 0.311 0.311 18 10
20170804 16.58 4.79 4.56 1.51 1.33 125353.99 RTS232 0.311 0.311 18 10
20170805 16.72 5.09 4.91 2.71 1.36 92193.78 RTS232 0.311 0.311 18 10
20170729 22.94 5.07 4.84 2.49 1.34 59254.22 RTS47 0.3078 0.3078 12 12
20170730 20.46 5.28 4.7 1.51 1.3 55478.33 RTS47 0.3078 0.3078 12 12
20170731 23.83 5.02 4.44 1.77 1.19 61880.55 RTS47 0.3078 0.3078 12 12
20170801 24.72 5.03 4.54 3.15 1.25 62483.54 RTS47 0.3078 0.3078 12 12
20170802 20.23 5.02 4.53 3.17 1.28 54649.92 RTS47 0.3078 0.3078 12 12
20170803 18.66 4.99 4.53 2.95 1.14 62867.45 RTS47 0.3078 0.3078 12 12
20170804 22.15 5.02 4.45 3.17 1.22 65324.18 RTS47 0.3078 0.3078 12 12
20170805 24.19 4.89 4.49 3.06 1.11 62648.31 RTS47 0.3078 0.3078 12 12
20170729 22.35 5.16 4.59 2.59 1.4 40104.37 RTS48 0.1908 0.1908 12 10
20170730 26.57 5.38 4.75 1.76 1.42 41529.46 RTS48 0.1908 0.1908 12 10
20170731 21.17 5.32 5.13 2.65 1.33 43454.9 RTS48 0.1908 0.1908 12 10
20170801 18.82 5.26 4.97 3.44 1.39 45165.53 RTS48 0.1908 0.1908 12 10
20170802 19.12 5.15 4.7 2.66 1.41 39479.88 RTS48 0.1908 0.1908 12 10
20170803 25.65 5.26 5.04 2.67 1.43 45638.68 RTS48 0.1908 0.1908 12 10
20170804 21.66 5.23 4.74 2.68 1.44 52887.96 RTS48 0.1908 0.1908 12 10
20170805 24.16 5.18 4.91 3.36 1.38 44217.4 RTS48 0.1908 0.1908 12 10
20170729 14.04 3.81 3.35 1.89 1.13 91399.34 RTS49 0.75 0.75 17 10
20170730 15.34 3.89 3.45 1.97 1.18 98259.87 RTS49 0.75 0.75 17 10
20170731 15.62 3.67 3.28 2.37 1.12 107165.65 RTS49 0.75 0.75 17 10
20170801 15.38 3.77 3.34 1.89 1.1 107510.16 RTS49 0.75 0.75 17 10
20170802 16.15 3.72 3.32 1.88 1.09 99684.09 RTS49 0.75 0.75 17 10
20170803 13.24 3.77 3.34 1.89 1.07 110902.95 RTS49 0.75 0.75 17 10
20170804 16.02 3.8 3.35 1.89 1.08 112243.68 RTS49 0.75 0.75 17 10
20170805 15.19 3.78 3.34 1.89 1.1 95763.13 RTS49 0.75 0.75 17 10
20170729 25.92 4.48 4.41 2.04 1.26 116403.05 RTS52 0.4234 0.4234 19 10
20170730 22.66 4.65 4.49 1.25 1.26 125854.74 RTS52 0.4234 0.4234 19 10
20170731 19.02 4.45 4.39 2.63 1.21 133712.23 RTS52 0.4234 0.4234 19 10
20170801 21.7 4.5 4.41 1.81 1.24 135129.46 RTS52 0.4234 0.4234 19 10
20170802 27.77 4.39 4.36 2.5 1.21 127315.01 RTS52 0.4234 0.4234 19 10
20170803 26.78 4.54 4.28 2.13 1.2 137112.94 RTS52 0.4234 0.4234 19 10
20170804 16.7 4.49 4.28 2.11 1.19 142854.75 RTS52 0.4234 0.4234 19 10
20170805 22.94 4.46 4.27 2.07 1.23 128719.71 RTS52 0.4234 0.4234 19 10
20170729 25.74 6.31 5.72 3.5 2.36 80764.53 RTS56 0.1022 0.1022 12 10
20170730 25.02 6.59 5.96 1.96 2.46 84664.54 RTS56 0.1022 0.1022 12 10
20170731 25.91 6.28 5.6 2.7 2.39 96538.8 RTS56 0.1022 0.1022 12 10
20170801 23.27 6.29 5.65 2.7 2.36 100086.31 RTS56 0.1022 0.1022 12 10
20170802 24.91 6.32 5.52 3.01 2.36 89066.7 RTS56 0.1022 0.1022 12 10
20170803 23.5 6.2 5.33 2.72 2.33 103180.18 RTS56 0.1022 0.1022 12 10
20170804 25.53 6.25 5.57 3.54 2.31 101092.9 RTS56 0.1022 0.1022 12 10
20170805 26.19 6.13 5.65 2.69 2.28 86305.69 RTS56 0.1022 0.1022 12 10
20170729 15.17 5.35 5.01 3.24 1.29 63627.3 RTS57 0.875 0.875 19 10
20170730 14.91 5.37 5.09 1.48 1.32 82350.48 RTS57 0.875 0.875 19 10
20170731 14.09 5.33 5.13 3.2 1.25 79966.7 RTS57 0.875 0.875 19 10
20170801 15.8 5.33 5.18 1.81 1.23 76559.72 RTS57 0.875 0.875 19 10
20170802 15.83 5.22 5.1 3.17 1.28 68596.55 RTS57 0.875 0.875 19 10
20170803 18.0 5.28 5.11 2.53 1.32 73659.83 RTS57 0.875 0.875 19 10
20170804 16.92 5.21 5.0 2.02 1.29 81357.54 RTS57 0.875 0.875 19 10
20170805 14.62 5.17 5.05 2.43 1.37 70154.04 RTS57 0.875 0.875 19 10
20170729 22.5 5.64 5.18 2.65 1.62 68145.8 RTS58 0.0462 0.0462 12 10
20170730 23.86 5.89 5.43 1.79 1.58 67758.06 RTS58 0.0462 0.0462 12 10
20170731 27.16 5.63 5.36 2.64 1.58 75596.46 RTS58 0.0462 0.0462 12 10
20170801 24.46 5.49 5.21 2.58 1.77 82202.41 RTS58 0.0462 0.0462 12 10
20170802 21.19 5.62 5.15 2.67 1.62 70700.21 RTS58 0.0462 0.0462 12 10
20170803 27.82 5.68 5.24 3.5 1.64 78760.79 RTS58 0.0462 0.0462 12 10
20170804 21.49 5.82 5.53 3.56 1.61 73097.85 RTS58 0.0462 0.0462 12 10
20170805 24.97 5.64 5.01 3.46 1.54 68988.35 RTS58 0.0462 0.0462 12 10
20170729 18.21 4.98 4.47 2.49 1.23 106655.77 RTS60 0.1386 0.1386 19 10
20170730 19.16 5.25 4.67 1.87 1.27 108333.69 RTS60 0.1386 0.1386 19 10
20170731 19.68 5.05 4.6 2.43 1.25 111413.79 RTS60 0.1386 0.1386 19 10
20170801 18.77 5.02 4.66 2.42 1.21 112408.82 RTS60 0.1386 0.1386 19 10
20170802 20.63 4.99 4.68 2.58 1.2 101945.62 RTS60 0.1386 0.1386 19 10
20170803 19.55 5.02 4.57 3.16 1.28 109876.69 RTS60 0.1386 0.1386 19 10
20170804 18.53 5.07 4.61 3.16 1.27 113706.68 RTS60 0.1386 0.1386 19 10
20170805 19.79 4.99 4.59 2.59 1.27 104556.65 RTS60 0.1386 0.1386 19 10
20170729 27.57 3.58 2.99 1.69 1.32 118059.79 RTS62 0.1999 0.1999 12 12
20170730 23.93 3.75 3.18 0.8 1.4 118619.74 RTS62 0.1999 0.1999 12 12
20170731 30.13 3.56 3.03 1.22 1.34 127886.2 RTS62 0.1999 0.1999 12 12
20170801 31.29 3.61 3.05 1.23 1.36 129235.11 RTS62 0.1999 0.1999 12 12
20170802 26.22 3.55 2.99 1.69 1.35 125271.69 RTS62 0.1999 0.1999 12 12
20170803 27.31 3.52 3.0 1.7 1.32 136407.12 RTS62 0.1999 0.1999 12 12
20170804 25.69 3.61 3.05 1.72 1.33 133452.61 RTS62 0.1999 0.1999 12 12
20170805 23.58 3.61 3.05 1.72 1.32 116746.99 RTS62 0.1999 0.1999 12 12
20170729 27.25 6.05 6.17 2.48 1.39 204260.63 RTS63 0.1519 0.1519 12 10
20170730 27.57 6.35 6.51 1.51 1.44 211154.52 RTS63 0.1519 0.1519 12 10
20170731 20.04 6.01 6.22 1.77 1.38 226047.67 RTS63 0.1519 0.1519 12 10
20170801 25.6 6.0 6.2 3.15 1.38 235967.71 RTS63 0.1519 0.1519 12 10
20170802 23.33 5.97 6.19 3.17 1.36 213949.58 RTS63 0.1519 0.1519 12 10
20170803 25.71 6.06 6.3 3.15 1.42 235096.2 RTS63 0.1519 0.1519 12 10
20170804 19.8 6.04 6.27 3.17 1.39 236304.74 RTS63 0.1519 0.1519 12 10
20170805 23.11 5.91 6.18 3.06 1.4 219498.6 RTS63 0.1519 0.1519 12 10
20170729 16.48 6.39 6.41 3.87 1.44 20518.88 RTS67 0.1898 0.1898 20 10
20170730 20.41 6.75 6.59 2.41 1.55 19926.35 RTS67 0.1898 0.1898 20 10
20170731 19.0 6.17 5.85 4.01 1.4 25517.33 RTS67 0.1898 0.1898 20 10
20170801 26.71 6.21 5.71 4.02 1.49 25881.08 RTS67 0.1898 0.1898 20 10
20170802 17.47 6.21 5.62 3.93 1.42 23375.43 RTS67 0.1898 0.1898 20 10
20170803 19.39 6.4 5.92 3.64 1.46 23246.56 RTS67 0.1898 0.1898 20 10
20170804 22.46 6.26 5.71 3.72 1.46 24033.56 RTS67 0.1898 0.1898 20 10
20170805 20.64 6.34 5.7 4.1 1.56 19449.18 RTS67 0.1898 0.1898 20 10
20170729 26.34 5.85 5.44 3.07 1.67 44729.26 RTS68 0.2203 0.2203 12 10
20170730 29.59 6.13 5.76 1.71 1.8 45955.23 RTS68 0.2203 0.2203 12 10
20170731 26.45 5.86 5.48 2.82 1.74 46906.94 RTS68 0.2203 0.2203 12 10
20170801 24.98 5.68 5.42 3.52 1.54 51016.67 RTS68 0.2203 0.2203 12 10
20170802 28.19 5.76 5.43 2.78 1.69 44951.72 RTS68 0.2203 0.2203 12 10
20170803 30.09 5.5 4.88 3.5 1.51 53030.85 RTS68 0.2203 0.2203 12 10
20170804 29.53 5.49 5.31 3.02 1.41 55097.15 RTS68 0.2203 0.2203 12 10
20170805 28.77 5.62 5.36 3.52 1.62 45865.54 RTS68 0.2203 0.2203 12 10
20170729 20.64 4.13 3.75 1.24 1.69 179876.14 RTS70 0.022 0.022 12 10
20170730 25.76 4.28 3.94 1.33 1.65 181237.52 RTS70 0.022 0.022 12 10
20170731 21.35 4.09 3.78 1.76 1.6 195195.15 RTS70 0.022 0.022 12 10
20170801 21.27 4.1 3.77 2.24 1.61 205477.55 RTS70 0.022 0.022 12 10
20170802 20.34 4.12 3.76 1.75 1.64 192746.46 RTS70 0.022 0.022 12 10
20170803 21.21 4.16 3.83 1.78 1.58 209329.32 RTS70 0.022 0.022 12 10
20170804 21.3 4.12 3.78 1.77 1.58 209103.0 RTS70 0.022 0.022 12 10
20170805 21.26 4.05 3.76 1.74 1.57 180565.85 RTS70 0.022 0.022 12 10
20170729 17.48 5.37 5.15 2.65 1.38 42856.88 RTS72 0.75 0.75 19 10
20170730 18.01 5.73 5.51 2.11 1.41 40314.04 RTS72 0.75 0.75 19 10
20170731 17.69 5.37 5.24 2.64 1.34 48977.56 RTS72 0.75 0.75 19 10
20170801 22.45 5.13 4.56 2.58 1.44 53912.12 RTS72 0.75 0.75 19 10
20170802 14.04 5.34 4.71 2.67 1.4 45572.35 RTS72 0.75 0.75 19 10
20170803 19.63 5.46 5.09 3.5 1.37 49691.54 RTS72 0.75 0.75 19 10
20170804 19.07 5.54 5.14 3.56 1.38 48057.61 RTS72 0.75 0.75 19 10
20170805 16.03 5.51 5.28 3.49 1.35 40294.63 RTS72 0.75 0.75 19 10
20170729 20.81 4.94 4.7 2.65 1.43 72258.92 RTS73 0.2602 0.2602 21 10
20170730 20.49 5.12 4.96 1.4 1.45 75175.61 RTS73 0.2602 0.2602 21 10
20170731 22.39 4.91 4.82 2.94 1.42 80684.64 RTS73 0.2602 0.2602 21 10
20170801 22.42 4.82 4.63 2.31 1.42 83390.06 RTS73 0.2602 0.2602 21 10
20170802 19.5 4.89 4.84 2.35 1.39 67647.9 RTS73 0.2602 0.2602 21 10
20170803 20.72 4.87 4.69 2.99 1.36 79977.69 RTS73 0.2602 0.2602 21 10
20170804 20.53 4.95 4.68 2.37 1.37 81291.21 RTS73 0.2602 0.2602 21 10
20170805 20.6 4.93 4.81 2.31 1.46 70295.26 RTS73 0.2602 0.2602 21 10
20170729 17.31 6.4 6.19 3.51 1.32 23499.74 RTS76 0.0123 0.0123 12 10
20170730 15.73 6.47 6.39 3.75 1.26 26850.9 RTS76 0.0123 0.0123 12 10
20170731 16.2 6.36 6.25 3.53 1.44 27243.15 RTS76 0.0123 0.0123 12 10
20170801 16.45 6.48 6.1 4.08 1.46 27479.79 RTS76 0.0123 0.0123 12 10
20170802 16.3 6.34 6.0 3.4 1.27 24318.59 RTS76 0.0123 0.0123 12 10
20170803 18.99 6.41 6.22 4.12 1.31 26641.72 RTS76 0.0123 0.0123 12 10
20170804 19.75 5.97 5.59 4.04 1.25 31812.33 RTS76 0.0123 0.0123 12 10
20170805 14.32 6.33 6.0 4.15 1.29 23679.07 RTS76 0.0123 0.0123 12 10
20170729 19.35 6.77 5.74 4.14 2.37 11310.7 RTS78 0.1483 0.1483 19 12
20170730 21.73 6.89 5.98 4.35 2.09 11065.03 RTS78 0.1483 0.1483 19 12
20170731 19.84 6.87 5.94 4.3 2.22 11170.48 RTS78 0.1483 0.1483 19 12
20170801 19.71 6.86 5.98 4.32 2.23 11091.76 RTS78 0.1483 0.1483 19 12
20170802 18.17 6.9 6.02 4.35 2.15 9608.68 RTS78 0.1483 0.1483 19 12
20170803 22.2 6.69 6.66 4.13 1.87 13283.35 RTS78 0.1483 0.1483 19 12
20170804 19.63 7.04 6.45 4.41 2.2 11263.86 RTS78 0.1483 0.1483 19 12
20170805 20.54 7.2 6.4 4.39 2.28 10235.87 RTS78 0.1483 0.1483 19 12
20170729 22.18 6.0 5.85 3.3 1.31 245816.77 RTS79 0.4218 0.4218 12 10
20170730 19.82 6.31 6.18 1.57 1.37 257472.62 RTS79 0.4218 0.4218 12 10
20170731 17.59 6.15 6.01 3.4 1.33 266826.53 RTS79 0.4218 0.4218 12 10
20170801 19.91 6.05 5.9 3.33 1.31 288060.42 RTS79 0.4218 0.4218 12 10
20170802 20.76 6.08 5.99 2.84 1.32 248817.91 RTS79 0.4218 0.4218 12 10
20170803 22.92 6.07 5.96 3.37 1.31 277803.27 RTS79 0.4218 0.4218 12 10
20170804 20.26 6.02 5.86 3.31 1.3 288846.93 RTS79 0.4218 0.4218 12 10
20170805 18.69 6.01 5.9 2.09 1.31 253985.42 RTS79 0.4218 0.4218 12 10
20170729 17.59 3.36 3.13 1.45 1.25 243082.9 RTS82 0.0417 0.0417 12 12
20170730 18.13 3.54 3.31 0.9 1.28 251508.45 RTS82 0.0417 0.0417 12 12
20170731 15.67 3.36 3.15 1.46 1.27 269174.13 RTS82 0.0417 0.0417 12 12
20170801 18.19 3.37 3.15 1.46 1.3 270831.85 RTS82 0.0417 0.0417 12 12
20170802 16.25 3.4 3.19 1.49 1.24 244880.24 RTS82 0.0417 0.0417 12 12
20170803 21.06 3.45 3.17 1.48 1.53 272748.06 RTS82 0.0417 0.0417 12 12
20170804 19.46 3.51 3.22 1.5 1.54 272128.58 RTS82 0.0417 0.0417 12 12
20170805 16.41 3.46 3.19 1.48 1.29 246862.86 RTS82 0.0417 0.0417 12 12
20170729 17.45 5.7 5.4 2.81 1.31 25108.92 RTS83 0.25 0.25 19 10
20170730 19.41 5.75 5.26 2.47 1.36 28335.3 RTS83 0.25 0.25 19 10
20170731 19.72 5.44 4.76 2.69 1.33 31663.85 RTS83 0.25 0.25 19 10
20170801 19.06 5.48 5.04 2.74 1.23 32859.71 RTS83 0.25 0.25 19 10
20170802 18.69 5.7 4.96 2.77 1.57 30570.25 RTS83 0.25 0.25 19 10
20170803 16.72 5.93 5.21 1.3 1.86 45100.67 RTS83 0.25 0.25 19 10
20170804 18.86 5.64 5.13 2.74 1.63 34452.04 RTS83 0.25 0.25 19 10
20170805 18.01 5.83 5.21 2.76 1.89 29027.17 RTS83 0.25 0.25 19 10
20170729 15.62 5.77 5.61 3.16 1.3 8522.68 RTS87 0.702 0.702 16 10
20170730 16.27 6.18 6.0 2.45 1.26 7826.22 RTS87 0.702 0.702 16 10
20170731 22.0 5.91 5.67 3.2 1.31 9523.43 RTS87 0.702 0.702 16 10
20170801 28.92 5.89 5.68 3.21 1.39 9791.84 RTS87 0.702 0.702 16 10
20170802 18.26 5.88 5.62 4.06 1.26 9266.67 RTS87 0.702 0.702 16 10
20170803 14.62 5.87 5.66 4.09 1.21 9890.61 RTS87 0.702 0.702 16 10
20170804 16.34 5.54 5.4 3.9 1.17 12386.97 RTS87 0.702 0.702 16 10
20170805 32.59 5.94 5.71 4.12 1.5 8221.2 RTS87 0.702 0.702 16 10
20170729 30.23 4.17 3.08 1.74 2.16 154279.98 RTS90 0.1414 0.1414 12 10
20170730 31.71 4.42 3.95 0.83 2.21 164944.31 RTS90 0.1414 0.1414 12 10
20170731 25.75 4.1 3.0 1.21 2.2 181282.87 RTS90 0.1414 0.1414 12 10
20170801 31.22 3.91 2.92 1.65 2.06 185821.55 RTS90 0.1414 0.1414 12 10
20170802 27.99 3.91 2.96 1.2 2.1 158057.13 RTS90 0.1414 0.1414 12 10
20170803 27.76 3.85 2.9 1.64 2.14 188592.6 RTS90 0.1414 0.1414 12 10
20170804 26.53 3.88 2.95 1.67 2.02 184923.13 RTS90 0.1414 0.1414 12 10
20170805 28.47 3.99 3.02 1.22 2.01 157189.71 RTS90 0.1414 0.1414 12 10
20170729 28.39 6.24 6.13 4.03 1.55 21602.55 RTS91 0.2537 0.2537 12 10
20170730 23.53 6.58 6.26 4.32 1.49 21779.33 RTS91 0.2537 0.2537 12 10
20170731 25.74 6.33 6.02 3.98 1.7 25152.54 RTS91 0.2537 0.2537 12 10
20170801 24.84 6.42 5.91 4.07 1.55 25932.44 RTS91 0.2537 0.2537 12 10
20170802 28.14 6.51 5.95 4.19 1.72 21173.03 RTS91 0.2537 0.2537 12 10
20170803 23.74 6.22 5.88 4.03 1.77 24816.74 RTS91 0.2537 0.2537 12 10
20170804 26.88 6.51 5.98 4.15 1.72 24059.92 RTS91 0.2537 0.2537 12 10
20170805 19.14 6.49 6.19 4.13 1.7 20519.43 RTS91 0.2537 0.2537 12 10
20170729 20.23 5.81 5.45 2.94 1.42 39587.88 RTS94 0.1073 0.1073 12 11
20170730 21.13 6.07 5.48 1.64 1.79 40553.96 RTS94 0.1073 0.1073 12 11
20170731 19.27 5.84 5.42 3.86 1.45 40841.99 RTS94 0.1073 0.1073 12 11
20170801 20.82 5.64 5.33 3.01 1.29 46438.42 RTS94 0.1073 0.1073 12 11
20170802 22.07 5.73 5.34 2.99 1.47 39870.08 RTS94 0.1073 0.1073 12 11
20170803 18.37 5.79 5.34 3.82 1.34 41781.76 RTS94 0.1073 0.1073 12 11
20170804 18.85 5.85 5.38 3.04 1.3 37310.28 RTS94 0.1073 0.1073 12 11
20170805 15.53 5.91 5.46 3.32 1.34 33580.22 RTS94 0.1073 0.1073 12 11
20170729 20.98 5.38 5.12 2.11 1.22 91105.22 RTS96 0.0837 0.0837 12 12
20170730 19.63 5.63 5.23 1.58 1.28 92711.57 RTS96 0.0837 0.0837 12 12
20170731 18.13 5.47 5.04 3.37 1.27 99360.46 RTS96 0.0837 0.0837 12 12
20170801 19.53 5.42 5.02 3.45 1.27 105788.44 RTS96 0.0837 0.0837 12 12
20170802 17.88 5.3 5.0 2.65 1.19 97761.23 RTS96 0.0837 0.0837 12 12
20170803 17.8 5.34 4.91 3.15 1.15 115012.18 RTS96 0.0837 0.0837 12 12
20170804 17.87 5.36 5.09 3.01 1.17 114473.99 RTS96 0.0837 0.0837 12 12
20170805 27.45 5.4 5.11 2.78 1.23 93048.65 RTS96 0.0837 0.0837 12 12
20170729 16.63 4.63 3.86 2.78 1.35 61962.2 RTS98 0.4539 0.4539 18 10
20170730 16.41 4.9 4.07 2.96 1.4 63581.58 RTS98 0.4539 0.4539 18 10
20170731 19.58 4.61 3.82 2.76 1.37 71474.43 RTS98 0.4539 0.4539 18 10
20170801 18.86 4.64 3.87 2.19 1.4 70337.85 RTS98 0.4539 0.4539 18 10
20170802 20.05 4.67 3.9 2.82 1.45 62286.35 RTS98 0.4539 0.4539 18 10
20170803 18.65 4.64 3.88 2.8 1.38 70324.12 RTS98 0.4539 0.4539 18 10
20170804 17.79 4.61 3.79 2.74 1.37 76273.1 RTS98 0.4539 0.4539 18 10
20170805 20.48 4.63 3.84 2.77 1.38 63247.73 RTS98 0.4539 0.4539 18 10
20170729 26.5 6.57 6.06 4.37 1.87 6846.46 RTS99 0.478 0.2905 22 12
20170730 23.15 6.75 6.26 3.18 1.65 7016.47 RTS99 0.478 0.2905 22 12
20170731 16.04 6.39 5.95 4.3 1.36 8285.7 RTS99 0.478 0.2905 22 12
20170801 25.21 5.95 5.7 4.12 1.54 10035.48 RTS99 0.478 0.2905 22 12
20170802 22.39 6.04 5.8 4.2 1.52 8118.51 RTS99 0.478 0.2905 22 12
20170803 25.71 6.38 5.97 4.31 1.57 8957.51 RTS99 0.478 0.2905 22 12
20170804 24.57 6.48 5.98 4.32 1.56 9099.85 RTS99 0.478 0.2905 22 12
20170805 24.43 6.6 6.03 4.36 1.61 7828.04 RTS99 0.478 0.2905 22 12
