IR-RIS MB226 0.6 0.0 15 22 0.1
IR-RIS MB229 0.1132 0.1132 15 22 0.1
IR-RIS MB230 0.9 0.0 15 22 0.1
IR-RIS MB239 0.8264 0.0264 15 22 0.1
IR-RIS MB254 0.7 0.0 15 22 0.1
IR-RIS MB256 0.0848 0.0848 15 22 0.1
IR-RIS MB258 0.2498 0.0498 15 22 0.1
IR-RIS MB265 0.3 0.0 15 22 0.1
IR-RIS MB267 0.1106 0.1106 15 22 0.1
IR-RIS MB276 0.1641 0.0641 15 22 0.1
IR-RIS MB286 0.0563 0.0563 15 22 0.1
IR-RIS MB319 0.1956 0.1956 15 22 0.1
IR-RIS MB320 0.3508 0.2508 15 22 0.1
IR-RIS MB332 0.1 0.0 15 22 0.1
IR-RIS MB351 0.4 0.0 15 22 0.1
IR-RIS MB358 0.2 0.0 15 22 0.1
IR-RIS MB361 0.6829 0.1829 15 22 0.1
IR-RIS MB362 0.5537 0.3537 15 22 0.1
IR-RIS MB363 0.1098 0.1098 15 22 0.1
IR-RIS MB365 0.1 0.0 15 22 0.1
IR-RIS MB371 0.0394 0.0394 15 22 0.1
IR-RIS MB377 0.311 0.111 15 22 0.1
IR-RIS MB381 0.5 0.0 15 22 0.1
IR-RIS MB382 0.2 0.0 15 22 0.1
IR-RIS MB391 0.0448 0.0448 15 22 0.1
IR-RIS MB392 0.0417 0.0417 15 22 0.1
IR-RIS MB409 0.1989 0.0989 15 22 0.1
IR-RIS MB410 0.7631 0.0631 15 22 0.1
IR-RIS MB414 0.0 0.0 15 22 0.1
IR-RIS MB419 1.0 0.0 15 22 0.1
IR-RIS MB420 0.0599 0.0599 15 22 0.1
IR-RIS MB425 0.6 0.0 15 22 0.1
IR-RIS MB431 0.6 0.2 15 22 0.1
IR-RIS MB436 0.0 0.0 15 22 0.1
IR-RIS MB438 0.8 0.0 15 22 0.1
IR-RIS MB440 0.2918 0.2918 15 22 0.1
IR-RIS RTS1 0.0783 0.0783 15 22 0.1
IR-RIS RTS10 0.2813 0.2813 15 22 0.1
IR-RIS RTS13 0.142 0.142 15 22 0.1
IR-RIS RTS14 0.6 0.0 15 22 0.1
IR-RIS RTS19 0.7 0.0 15 22 0.1
IR-RIS RTS2 0.6 0.0 15 22 0.1
IR-RIS RTS21 0.1613 0.1613 15 22 0.1
IR-RIS RTS24 0.2 0.0 15 22 0.1
IR-RIS RTS25 0.1336 0.1336 15 22 0.1
IR-RIS RTS27 0.0 0.0 15 22 0.1
IR-RIS RTS28 0.1624 0.1624 15 22 0.1
IR-RIS RTS31 0.0648 0.0648 15 22 0.1
IR-RIS RTS32 0.3947 0.1947 15 22 0.1
IR-RIS RTS35 0.3554 0.0554 15 22 0.1
IR-RIS RTS36 0.0469 0.0469 15 22 0.1
IR-RIS RTS37 0.0 0.0 15 22 0.1
IR-RIS RTS4 0.2229 0.2229 15 22 0.1
IR-RIS RTS43 0.1587 0.1587 15 22 0.1
IR-RIS RTS5 0.1583 0.0583 15 22 0.1
IR-RIS RTS6 0.1453 0.0453 15 22 0.1
