Silent date topic max mean median min stdv sum rt st
0 20160802 MB226 17.88 4.51 4.18 1.4 1.04 75255.53 10 18
0 20160802 MB226 17.88 4.51 4.18 1.4 1.04 75255.53 10 18
0 20160802 MB226 17.88 4.51 4.18 1.4 1.04 75255.53 10 18
0 20160802 MB226 17.88 4.51 4.18 1.4 1.04 75255.53 10 18
0 20160803 MB226 14.06 4.28 4.03 2.31 1.0 57596.1 10 18
0 20160803 MB226 14.06 4.28 4.03 2.31 1.0 57596.1 10 18
0 20160803 MB226 14.06 4.28 4.03 2.31 1.0 57596.1 10 18
0 20160803 MB226 14.06 4.28 4.03 2.31 1.0 57596.1 10 18
0 20160804 MB226 22.19 4.33 4.04 1.34 1.06 58007.04 10 18
0 20160804 MB226 22.19 4.33 4.04 1.34 1.06 58007.04 10 18
0 20160804 MB226 22.19 4.33 4.04 1.34 1.06 58007.04 10 18
0 20160804 MB226 22.19 4.33 4.04 1.34 1.06 58007.04 10 18
1 20160805 MB226 17.47 4.26 4.01 2.29 1.01 49702.33 10 18
1 20160805 MB226 17.47 4.26 4.01 2.29 1.01 49702.33 10 18
1 20160805 MB226 17.47 4.26 4.01 2.29 1.01 49702.33 10 18
1 20160805 MB226 17.47 4.26 4.01 2.29 1.01 49702.33 10 18
0 20160806 MB226 14.85 4.66 4.28 1.44 1.04 59100.53 10 18
0 20160806 MB226 14.85 4.66 4.28 1.44 1.04 59100.53 10 18
0 20160806 MB226 14.85 4.66 4.28 1.44 1.04 59100.53 10 18
0 20160806 MB226 14.85 4.66 4.28 1.44 1.04 59100.53 10 18
0 20160807 MB226 22.73 4.23 3.98 2.28 1.02 45469.57 10 18
0 20160807 MB226 22.73 4.23 3.98 2.28 1.02 45469.57 10 18
0 20160807 MB226 22.73 4.23 3.98 2.28 1.02 45469.57 10 18
0 20160807 MB226 22.73 4.23 3.98 2.28 1.02 45469.57 10 18
0 20160808 MB226 15.49 4.73 4.39 1.46 1.07 49019.31 10 18
0 20160808 MB226 15.49 4.73 4.39 1.46 1.07 49019.31 10 18
0 20160808 MB226 15.49 4.73 4.39 1.46 1.07 49019.31 10 18
0 20160808 MB226 15.49 4.73 4.39 1.46 1.07 49019.31 10 18
0 20160809 MB226 14.49 4.17 3.97 2.9 0.95 52101.92 10 18
0 20160809 MB226 14.49 4.17 3.97 2.9 0.95 52101.92 10 18
0 20160809 MB226 14.49 4.17 3.97 2.9 0.95 52101.92 10 18
0 20160809 MB226 14.49 4.17 3.97 2.9 0.95 52101.92 10 18
1 20160810 MB226 20.71 4.55 4.24 1.43 1.05 63886.9 10 18
1 20160810 MB226 20.71 4.55 4.24 1.43 1.05 63886.9 10 18
1 20160810 MB226 20.71 4.55 4.24 1.43 1.05 63886.9 10 18
1 20160810 MB226 20.71 4.55 4.24 1.43 1.05 63886.9 10 18
1 20160811 MB226 16.1 4.19 3.98 2.9 1.01 51777.1 10 18
1 20160811 MB226 16.1 4.19 3.98 2.9 1.01 51777.1 10 18
1 20160811 MB226 16.1 4.19 3.98 2.9 1.01 51777.1 10 18
1 20160811 MB226 16.1 4.19 3.98 2.9 1.01 51777.1 10 18
1 20160802 MB229 27.95 6.63 6.06 3.74 1.87 25623.4 9 12
1 20160802 MB229 27.95 6.63 6.06 3.74 1.87 25623.4 9 12
1 20160802 MB229 27.95 6.63 6.06 3.74 1.87 25623.4 9 12
1 20160802 MB229 27.95 6.63 6.06 3.74 1.87 25623.4 9 12
1 20160802 MB229 27.95 6.63 6.06 3.74 1.87 25623.4 9 12
1 20160803 MB229 26.29 6.36 5.77 4.21 1.68 21819.82 9 12
1 20160803 MB229 26.29 6.36 5.77 4.21 1.68 21819.82 9 12
1 20160803 MB229 26.29 6.36 5.77 4.21 1.68 21819.82 9 12
1 20160803 MB229 26.29 6.36 5.77 4.21 1.68 21819.82 9 12
1 20160803 MB229 26.29 6.36 5.77 4.21 1.68 21819.82 9 12
1 20160804 MB229 21.74 6.3 5.78 4.22 1.54 21282.49 9 12
1 20160804 MB229 21.74 6.3 5.78 4.22 1.54 21282.49 9 12
1 20160804 MB229 21.74 6.3 5.78 4.22 1.54 21282.49 9 12
1 20160804 MB229 21.74 6.3 5.78 4.22 1.54 21282.49 9 12
1 20160804 MB229 21.74 6.3 5.78 4.22 1.54 21282.49 9 12
1 20160805 MB229 27.77 6.38 5.78 4.21 1.63 18891.02 9 12
1 20160805 MB229 27.77 6.38 5.78 4.21 1.63 18891.02 9 12
1 20160805 MB229 27.77 6.38 5.78 4.21 1.63 18891.02 9 12
1 20160805 MB229 27.77 6.38 5.78 4.21 1.63 18891.02 9 12
1 20160805 MB229 27.77 6.38 5.78 4.21 1.63 18891.02 9 12
1 20160806 MB229 28.64 6.8 6.28 4.6 1.72 17880.05 9 12
1 20160806 MB229 28.64 6.8 6.28 4.6 1.72 17880.05 9 12
1 20160806 MB229 28.64 6.8 6.28 4.6 1.72 17880.05 9 12
1 20160806 MB229 28.64 6.8 6.28 4.6 1.72 17880.05 9 12
1 20160806 MB229 28.64 6.8 6.28 4.6 1.72 17880.05 9 12
1 20160807 MB229 20.31 6.22 5.9 4.21 1.55 20013.74 9 12
1 20160807 MB229 20.31 6.22 5.9 4.21 1.55 20013.74 9 12
1 20160807 MB229 20.31 6.22 5.9 4.21 1.55 20013.74 9 12
1 20160807 MB229 20.31 6.22 5.9 4.21 1.55 20013.74 9 12
1 20160807 MB229 20.31 6.22 5.9 4.21 1.55 20013.74 9 12
1 20160808 MB229 23.13 6.73 6.16 2.58 1.88 18665.34 9 12
1 20160808 MB229 23.13 6.73 6.16 2.58 1.88 18665.34 9 12
1 20160808 MB229 23.13 6.73 6.16 2.58 1.88 18665.34 9 12
1 20160808 MB229 23.13 6.73 6.16 2.58 1.88 18665.34 9 12
1 20160808 MB229 23.13 6.73 6.16 2.58 1.88 18665.34 9 12
1 20160809 MB229 23.89 6.24 5.64 4.11 1.68 23306.12 9 12
1 20160809 MB229 23.89 6.24 5.64 4.11 1.68 23306.12 9 12
1 20160809 MB229 23.89 6.24 5.64 4.11 1.68 23306.12 9 12
1 20160809 MB229 23.89 6.24 5.64 4.11 1.68 23306.12 9 12
1 20160809 MB229 23.89 6.24 5.64 4.11 1.68 23306.12 9 12
1 20160810 MB229 24.09 6.57 5.98 2.01 1.66 24152.7 9 12
1 20160810 MB229 24.09 6.57 5.98 2.01 1.66 24152.7 9 12
1 20160810 MB229 24.09 6.57 5.98 2.01 1.66 24152.7 9 12
1 20160810 MB229 24.09 6.57 5.98 2.01 1.66 24152.7 9 12
1 20160810 MB229 24.09 6.57 5.98 2.01 1.66 24152.7 9 12
1 20160811 MB229 22.41 6.59 6.06 4.17 2.34 27498.99 9 12
1 20160811 MB229 22.41 6.59 6.06 4.17 2.34 27498.99 9 12
1 20160811 MB229 22.41 6.59 6.06 4.17 2.34 27498.99 9 12
1 20160811 MB229 22.41 6.59 6.06 4.17 2.34 27498.99 9 12
1 20160811 MB229 22.41 6.59 6.06 4.17 2.34 27498.99 9 12
0 20160802 MB230 15.64 5.85 5.47 2.27 1.1 35166.99 10 16
0 20160802 MB230 15.64 5.85 5.47 2.27 1.1 35166.99 10 16
0 20160802 MB230 15.64 5.85 5.47 2.27 1.1 35166.99 10 16
0 20160803 MB230 13.28 5.59 5.3 3.28 0.94 31044.35 10 16
0 20160803 MB230 13.28 5.59 5.3 3.28 0.94 31044.35 10 16
0 20160803 MB230 13.28 5.59 5.3 3.28 0.94 31044.35 10 16
0 20160804 MB230 13.85 5.78 5.37 3.92 1.03 27947.19 10 16
0 20160804 MB230 13.85 5.78 5.37 3.92 1.03 27947.19 10 16
0 20160804 MB230 13.85 5.78 5.37 3.92 1.03 27947.19 10 16
0 20160805 MB230 12.56 5.78 5.34 3.89 1.07 23590.12 10 16
0 20160805 MB230 12.56 5.78 5.34 3.89 1.07 23590.12 10 16
0 20160805 MB230 12.56 5.78 5.34 3.89 1.07 23590.12 10 16
1 20160806 MB230 11.51 5.95 5.74 3.33 1.01 27293.88 10 16
1 20160806 MB230 11.51 5.95 5.74 3.33 1.01 27293.88 10 16
1 20160806 MB230 11.51 5.95 5.74 3.33 1.01 27293.88 10 16
0 20160807 MB230 12.85 6.0 5.46 3.98 1.17 18742.05 10 16
0 20160807 MB230 12.85 6.0 5.46 3.98 1.17 18742.05 10 16
0 20160807 MB230 12.85 6.0 5.46 3.98 1.17 18742.05 10 16
0 20160808 MB230 14.68 6.29 5.98 2.1 1.13 18528.64 10 16
0 20160808 MB230 14.68 6.29 5.98 2.1 1.13 18528.64 10 16
0 20160808 MB230 14.68 6.29 5.98 2.1 1.13 18528.64 10 16
0 20160809 MB230 14.27 5.72 5.23 3.81 1.07 25311.47 10 16
0 20160809 MB230 14.27 5.72 5.23 3.81 1.07 25311.47 10 16
0 20160809 MB230 14.27 5.72 5.23 3.81 1.07 25311.47 10 16
0 20160810 MB230 15.17 5.83 5.37 2.56 1.05 34494.91 10 16
0 20160810 MB230 15.17 5.83 5.37 2.56 1.05 34494.91 10 16
0 20160810 MB230 15.17 5.83 5.37 2.56 1.05 34494.91 10 16
0 20160811 MB230 15.27 5.59 5.16 3.58 1.12 26268.14 10 16
0 20160811 MB230 15.27 5.59 5.16 3.58 1.12 26268.14 10 16
0 20160811 MB230 15.27 5.59 5.16 3.58 1.12 26268.14 10 16
0 20160802 MB239 15.8 5.91 5.47 3.16 1.26 24327.07 10 18
0 20160802 MB239 15.8 5.91 5.47 3.16 1.26 24327.07 10 18
0 20160802 MB239 15.8 5.91 5.47 3.16 1.26 24327.07 10 18
0 20160803 MB239 15.91 5.84 5.36 3.91 1.26 23542.8 10 18
0 20160803 MB239 15.91 5.84 5.36 3.91 1.26 23542.8 10 18
0 20160803 MB239 15.91 5.84 5.36 3.91 1.26 23542.8 10 18
0 20160804 MB239 15.24 5.84 5.34 3.06 1.26 21171.6 10 18
0 20160804 MB239 15.24 5.84 5.34 3.06 1.26 21171.6 10 18
0 20160804 MB239 15.24 5.84 5.34 3.06 1.26 21171.6 10 18
0 20160805 MB239 15.4 5.67 5.27 3.84 1.28 18943.51 10 18
0 20160805 MB239 15.4 5.67 5.27 3.84 1.28 18943.51 10 18
0 20160805 MB239 15.4 5.67 5.27 3.84 1.28 18943.51 10 18
0 20160806 MB239 13.77 6.18 5.68 4.17 1.29 18767.43 10 18
0 20160806 MB239 13.77 6.18 5.68 4.17 1.29 18767.43 10 18
0 20160806 MB239 13.77 6.18 5.68 4.17 1.29 18767.43 10 18
0 20160807 MB239 16.22 5.84 5.43 3.95 1.36 14889.23 10 18
0 20160807 MB239 16.22 5.84 5.43 3.95 1.36 14889.23 10 18
0 20160807 MB239 16.22 5.84 5.43 3.95 1.36 14889.23 10 18
1 20160808 MB239 15.61 6.37 5.84 2.44 1.38 13477.09 10 18
1 20160808 MB239 15.61 6.37 5.84 2.44 1.38 13477.09 10 18
1 20160808 MB239 15.61 6.37 5.84 2.44 1.38 13477.09 10 18
0 20160809 MB239 17.04 5.65 5.68 3.67 1.17 24232.55 10 18
0 20160809 MB239 17.04 5.65 5.68 3.67 1.17 24232.55 10 18
0 20160809 MB239 17.04 5.65 5.68 3.67 1.17 24232.55 10 18
1 20160810 MB239 23.84 5.97 6.35 2.2 1.32 27579.31 10 18
1 20160810 MB239 23.84 5.97 6.35 2.2 1.32 27579.31 10 18
1 20160810 MB239 23.84 5.97 6.35 2.2 1.32 27579.31 10 18
0 20160811 MB239 15.1 5.69 5.21 3.8 1.25 20789.65 10 18
0 20160811 MB239 15.1 5.69 5.21 3.8 1.25 20789.65 10 18
0 20160811 MB239 15.1 5.69 5.21 3.8 1.25 20789.65 10 18
1 20160802 MB254 15.51 6.63 6.11 4.47 1.18 15664.38 10 16
1 20160802 MB254 15.51 6.63 6.11 4.47 1.18 15664.38 10 16
1 20160802 MB254 15.51 6.63 6.11 4.47 1.18 15664.38 10 16
1 20160803 MB254 12.65 6.42 6.0 4.38 1.1 12694.87 10 16
1 20160803 MB254 12.65 6.42 6.0 4.38 1.1 12694.87 10 16
1 20160803 MB254 12.65 6.42 6.0 4.38 1.1 12694.87 10 16
0 20160804 MB254 15.35 6.45 6.06 4.42 1.14 11763.08 10 16
0 20160804 MB254 15.35 6.45 6.06 4.42 1.14 11763.08 10 16
0 20160804 MB254 15.35 6.45 6.06 4.42 1.14 11763.08 10 16
0 20160805 MB254 14.73 6.41 5.96 4.34 1.12 13371.51 10 16
0 20160805 MB254 14.73 6.41 5.96 4.34 1.12 13371.51 10 16
0 20160805 MB254 14.73 6.41 5.96 4.34 1.12 13371.51 10 16
0 20160806 MB254 12.21 6.93 6.44 3.87 1.26 11235.77 10 16
0 20160806 MB254 12.21 6.93 6.44 3.87 1.26 11235.77 10 16
0 20160806 MB254 12.21 6.93 6.44 3.87 1.26 11235.77 10 16
0 20160807 MB254 12.33 6.41 5.91 4.3 1.16 11216.15 10 16
0 20160807 MB254 12.33 6.41 5.91 4.3 1.16 11216.15 10 16
0 20160807 MB254 12.33 6.41 5.91 4.3 1.16 11216.15 10 16
0 20160808 MB254 13.52 7.07 6.57 3.81 1.25 8573.13 10 16
0 20160808 MB254 13.52 7.07 6.57 3.81 1.25 8573.13 10 16
0 20160808 MB254 13.52 7.07 6.57 3.81 1.25 8573.13 10 16
1 20160809 MB254 14.95 6.3 5.88 4.29 1.13 12821.4 10 16
1 20160809 MB254 14.95 6.3 5.88 4.29 1.13 12821.4 10 16
1 20160809 MB254 14.95 6.3 5.88 4.29 1.13 12821.4 10 16
0 20160810 MB254 13.01 6.72 6.32 4.64 1.21 13481.03 10 16
0 20160810 MB254 13.01 6.72 6.32 4.64 1.21 13481.03 10 16
0 20160810 MB254 13.01 6.72 6.32 4.64 1.21 13481.03 10 16
0 20160811 MB254 11.36 5.92 5.57 4.06 0.96 16594.23 10 16
0 20160811 MB254 11.36 5.92 5.57 4.06 0.96 16594.23 10 16
0 20160811 MB254 11.36 5.92 5.57 4.06 0.96 16594.23 10 16
1 20160802 MB256 26.47 6.46 5.27 1.31 2.44 82136.79 10 12
1 20160802 MB256 26.47 6.46 5.27 1.31 2.44 82136.79 10 12
1 20160802 MB256 26.47 6.46 5.27 1.31 2.44 82136.79 10 12
0 20160803 MB256 24.56 6.2 5.47 2.97 2.23 68881.42 10 12
0 20160803 MB256 24.56 6.2 5.47 2.97 2.23 68881.42 10 12
0 20160803 MB256 24.56 6.2 5.47 2.97 2.23 68881.42 10 12
1 20160804 MB256 20.48 6.09 5.21 3.59 2.12 63654.08 10 12
1 20160804 MB256 20.48 6.09 5.21 3.59 2.12 63654.08 10 12
1 20160804 MB256 20.48 6.09 5.21 3.59 2.12 63654.08 10 12
1 20160805 MB256 22.2 6.12 5.22 3.56 2.13 57844.17 10 12
1 20160805 MB256 22.2 6.12 5.22 3.56 2.13 57844.17 10 12
1 20160805 MB256 22.2 6.12 5.22 3.56 2.13 57844.17 10 12
1 20160806 MB256 28.36 6.45 5.89 1.75 2.16 54362.94 10 12
1 20160806 MB256 28.36 6.45 5.89 1.75 2.16 54362.94 10 12
1 20160806 MB256 28.36 6.45 5.89 1.75 2.16 54362.94 10 12
1 20160807 MB256 26.34 6.16 5.91 3.53 2.09 54829.12 10 12
1 20160807 MB256 26.34 6.16 5.91 3.53 2.09 54829.12 10 12
1 20160807 MB256 26.34 6.16 5.91 3.53 2.09 54829.12 10 12
1 20160808 MB256 22.27 6.54 5.51 1.34 2.26 48205.12 10 12
1 20160808 MB256 22.27 6.54 5.51 1.34 2.26 48205.12 10 12
1 20160808 MB256 22.27 6.54 5.51 1.34 2.26 48205.12 10 12
1 20160809 MB256 23.19 6.11 5.13 3.51 2.19 60054.07 10 12
1 20160809 MB256 23.19 6.11 5.13 3.51 2.19 60054.07 10 12
1 20160809 MB256 23.19 6.11 5.13 3.51 2.19 60054.07 10 12
1 20160810 MB256 22.6 6.16 5.29 2.06 2.14 68899.7 10 12
1 20160810 MB256 22.6 6.16 5.29 2.06 2.14 68899.7 10 12
1 20160810 MB256 22.6 6.16 5.29 2.06 2.14 68899.7 10 12
1 20160811 MB256 22.35 6.1 5.11 3.53 2.14 60139.65 10 12
1 20160811 MB256 22.35 6.1 5.11 3.53 2.14 60139.65 10 12
1 20160811 MB256 22.35 6.1 5.11 3.53 2.14 60139.65 10 12
1 20160802 MB258 22.84 4.94 4.48 2.58 1.2 57620.28 11 16
1 20160802 MB258 22.84 4.94 4.48 2.58 1.2 57620.28 11 16
1 20160802 MB258 22.84 4.94 4.48 2.58 1.2 57620.28 11 16
1 20160803 MB258 15.92 4.85 4.42 2.54 1.14 44694.39 11 16
1 20160803 MB258 15.92 4.85 4.42 2.54 1.14 44694.39 11 16
1 20160803 MB258 15.92 4.85 4.42 2.54 1.14 44694.39 11 16
1 20160804 MB258 16.79 4.83 4.4 3.21 1.15 45053.59 11 16
1 20160804 MB258 16.79 4.83 4.4 3.21 1.15 45053.59 11 16
1 20160804 MB258 16.79 4.83 4.4 3.21 1.15 45053.59 11 16
1 20160805 MB258 12.99 4.63 4.22 1.73 1.08 46637.11 11 16
1 20160805 MB258 12.99 4.63 4.22 1.73 1.08 46637.11 11 16
1 20160805 MB258 12.99 4.63 4.22 1.73 1.08 46637.11 11 16
1 20160806 MB258 13.75 5.11 4.65 1.94 1.21 40113.32 11 16
1 20160806 MB258 13.75 5.11 4.65 1.94 1.21 40113.32 11 16
1 20160806 MB258 13.75 5.11 4.65 1.94 1.21 40113.32 11 16
1 20160807 MB258 14.76 4.81 4.33 2.47 1.15 38702.97 11 16
1 20160807 MB258 14.76 4.81 4.33 2.47 1.15 38702.97 11 16
1 20160807 MB258 14.76 4.81 4.33 2.47 1.15 38702.97 11 16
1 20160808 MB258 17.04 5.16 4.66 2.71 1.2 35160.51 11 16
1 20160808 MB258 17.04 5.16 4.66 2.71 1.2 35160.51 11 16
1 20160808 MB258 17.04 5.16 4.66 2.71 1.2 35160.51 11 16
1 20160809 MB258 17.7 4.75 4.28 3.12 1.13 45971.08 11 16
1 20160809 MB258 17.7 4.75 4.28 3.12 1.13 45971.08 11 16
1 20160809 MB258 17.7 4.75 4.28 3.12 1.13 45971.08 11 16
1 20160810 MB258 18.15 5.13 4.65 1.94 1.17 47273.61 11 16
1 20160810 MB258 18.15 5.13 4.65 1.94 1.17 47273.61 11 16
1 20160810 MB258 18.15 5.13 4.65 1.94 1.17 47273.61 11 16
1 20160811 MB258 15.98 4.84 4.37 3.19 1.1 43722.13 11 16
1 20160811 MB258 15.98 4.84 4.37 3.19 1.1 43722.13 11 16
1 20160811 MB258 15.98 4.84 4.37 3.19 1.1 43722.13 11 16
1 20160802 MB265 18.27 6.5 6.03 4.41 1.74 13393.32 10 19
1 20160802 MB265 18.27 6.5 6.03 4.41 1.74 13393.32 10 19
1 20160802 MB265 18.27 6.5 6.03 4.41 1.74 13393.32 10 19
0 20160803 MB265 17.71 6.25 5.72 3.29 1.91 12649.56 10 19
0 20160803 MB265 17.71 6.25 5.72 3.29 1.91 12649.56 10 19
0 20160803 MB265 17.71 6.25 5.72 3.29 1.91 12649.56 10 19
1 20160804 MB265 16.62 6.17 5.81 2.39 1.66 11059.33 10 19
1 20160804 MB265 16.62 6.17 5.81 2.39 1.66 11059.33 10 19
1 20160804 MB265 16.62 6.17 5.81 2.39 1.66 11059.33 10 19
1 20160805 MB265 16.8 6.08 5.66 4.12 1.65 11589.91 10 19
1 20160805 MB265 16.8 6.08 5.66 4.12 1.65 11589.91 10 19
1 20160805 MB265 16.8 6.08 5.66 4.12 1.65 11589.91 10 19
0 20160806 MB265 18.59 6.53 6.08 2.53 1.66 10453.47 10 19
0 20160806 MB265 18.59 6.53 6.08 2.53 1.66 10453.47 10 19
0 20160806 MB265 18.59 6.53 6.08 2.53 1.66 10453.47 10 19
1 20160807 MB265 18.62 6.06 5.71 4.15 1.5 9930.25 10 19
1 20160807 MB265 18.62 6.06 5.71 4.15 1.5 9930.25 10 19
1 20160807 MB265 18.62 6.06 5.71 4.15 1.5 9930.25 10 19
1 20160808 MB265 16.93 6.53 6.22 2.1 1.61 8131.15 10 19
1 20160808 MB265 16.93 6.53 6.22 2.1 1.61 8131.15 10 19
1 20160808 MB265 16.93 6.53 6.22 2.1 1.61 8131.15 10 19
1 20160809 MB265 17.02 6.13 5.78 4.21 1.48 10804.7 10 19
1 20160809 MB265 17.02 6.13 5.78 4.21 1.48 10804.7 10 19
1 20160809 MB265 17.02 6.13 5.78 4.21 1.48 10804.7 10 19
1 20160810 MB265 21.31 6.51 6.09 2.54 1.61 11730.17 10 19
1 20160810 MB265 21.31 6.51 6.09 2.54 1.61 11730.17 10 19
1 20160810 MB265 21.31 6.51 6.09 2.54 1.61 11730.17 10 19
0 20160811 MB265 16.53 6.2 5.86 4.27 1.38 10091.22 10 19
0 20160811 MB265 16.53 6.2 5.86 4.27 1.38 10091.22 10 19
0 20160811 MB265 16.53 6.2 5.86 4.27 1.38 10091.22 10 19
1 20160802 MB267 18.05 5.89 5.7 2.4 1.34 63242.07 13 14
1 20160802 MB267 18.05 5.89 5.7 2.4 1.34 63242.07 13 14
1 20160802 MB267 18.05 5.89 5.7 2.4 1.34 63242.07 13 14
1 20160803 MB267 20.02 5.76 5.49 3.38 1.32 51098.31 13 14
1 20160803 MB267 20.02 5.76 5.49 3.38 1.32 51098.31 13 14
1 20160803 MB267 20.02 5.76 5.49 3.38 1.32 51098.31 13 14
1 20160804 MB267 19.54 5.72 5.37 3.29 1.27 52898.6 13 14
1 20160804 MB267 19.54 5.72 5.37 3.29 1.27 52898.6 13 14
1 20160804 MB267 19.54 5.72 5.37 3.29 1.27 52898.6 13 14
1 20160805 MB267 17.1 5.67 5.31 2.89 1.25 47094.54 13 14
1 20160805 MB267 17.1 5.67 5.31 2.89 1.25 47094.54 13 14
1 20160805 MB267 17.1 5.67 5.31 2.89 1.25 47094.54 13 14
1 20160806 MB267 17.85 5.99 5.48 2.23 1.3 49217.87 13 14
1 20160806 MB267 17.85 5.99 5.48 2.23 1.3 49217.87 13 14
1 20160806 MB267 17.85 5.99 5.48 2.23 1.3 49217.87 13 14
1 20160807 MB267 18.49 5.52 5.13 3.57 1.24 52153.73 13 14
1 20160807 MB267 18.49 5.52 5.13 3.57 1.24 52153.73 13 14
1 20160807 MB267 18.49 5.52 5.13 3.57 1.24 52153.73 13 14
1 20160808 MB267 19.06 6.05 5.77 2.3 1.36 40567.84 13 14
1 20160808 MB267 19.06 6.05 5.77 2.3 1.36 40567.84 13 14
1 20160808 MB267 19.06 6.05 5.77 2.3 1.36 40567.84 13 14
1 20160809 MB267 20.92 5.71 5.35 3.69 1.33 49535.82 13 14
1 20160809 MB267 20.92 5.71 5.35 3.69 1.33 49535.82 13 14
1 20160809 MB267 20.92 5.71 5.35 3.69 1.33 49535.82 13 14
1 20160810 MB267 21.8 5.89 5.58 2.21 1.34 57882.29 13 14
1 20160810 MB267 21.8 5.89 5.58 2.21 1.34 57882.29 13 14
1 20160810 MB267 21.8 5.89 5.58 2.21 1.34 57882.29 13 14
1 20160811 MB267 17.88 5.74 5.37 2.08 1.3 49940.01 13 14
1 20160811 MB267 17.88 5.74 5.37 2.08 1.3 49940.01 13 14
1 20160811 MB267 17.88 5.74 5.37 2.08 1.3 49940.01 13 14
1 20160802 MB276 19.15 6.26 5.98 4.16 1.29 38250.04 10 12
1 20160802 MB276 19.15 6.26 5.98 4.16 1.29 38250.04 10 12
1 20160802 MB276 19.15 6.26 5.98 4.16 1.29 38250.04 10 12
1 20160803 MB276 17.3 6.19 5.9 4.08 1.28 29917.92 10 12
1 20160803 MB276 17.3 6.19 5.9 4.08 1.28 29917.92 10 12
1 20160803 MB276 17.3 6.19 5.9 4.08 1.28 29917.92 10 12
1 20160804 MB276 15.54 6.21 5.81 4.05 1.37 30280.16 10 12
1 20160804 MB276 15.54 6.21 5.81 4.05 1.37 30280.16 10 12
1 20160804 MB276 15.54 6.21 5.81 4.05 1.37 30280.16 10 12
1 20160805 MB276 15.5 6.25 5.78 4.16 1.27 25622.26 10 12
1 20160805 MB276 15.5 6.25 5.78 4.16 1.27 25622.26 10 12
1 20160805 MB276 15.5 6.25 5.78 4.16 1.27 25622.26 10 12
0 20160806 MB276 19.08 6.55 6.04 3.49 1.35 25539.92 10 12
0 20160806 MB276 19.08 6.55 6.04 3.49 1.35 25539.92 10 12
0 20160806 MB276 19.08 6.55 6.04 3.49 1.35 25539.92 10 12
1 20160807 MB276 18.49 6.16 5.69 3.25 1.22 23658.51 10 12
1 20160807 MB276 18.49 6.16 5.69 3.25 1.22 23658.51 10 12
1 20160807 MB276 18.49 6.16 5.69 3.25 1.22 23658.51 10 12
1 20160808 MB276 16.66 6.83 6.26 3.62 1.44 18281.7 10 12
1 20160808 MB276 16.66 6.83 6.26 3.62 1.44 18281.7 10 12
1 20160808 MB276 16.66 6.83 6.26 3.62 1.44 18281.7 10 12
1 20160809 MB276 19.41 6.19 5.69 3.26 1.36 27368.64 10 12
1 20160809 MB276 19.41 6.19 5.69 3.26 1.36 27368.64 10 12
1 20160809 MB276 19.41 6.19 5.69 3.26 1.36 27368.64 10 12
1 20160810 MB276 22.67 6.43 5.97 2.49 1.37 30486.71 10 12
1 20160810 MB276 22.67 6.43 5.97 2.49 1.37 30486.71 10 12
1 20160810 MB276 22.67 6.43 5.97 2.49 1.37 30486.71 10 12
1 20160811 MB276 19.2 6.18 5.69 3.24 1.29 28463.71 10 12
1 20160811 MB276 19.2 6.18 5.69 3.24 1.29 28463.71 10 12
1 20160811 MB276 19.2 6.18 5.69 3.24 1.29 28463.71 10 12
1 20160802 MB286 19.65 5.46 4.99 1.52 1.73 145189.67 10 22
1 20160802 MB286 19.65 5.46 4.99 1.52 1.73 145189.67 10 22
1 20160802 MB286 19.65 5.46 4.99 1.52 1.73 145189.67 10 22
0 20160803 MB286 21.54 5.27 4.88 1.8 1.62 124026.65 10 22
0 20160803 MB286 21.54 5.27 4.88 1.8 1.62 124026.65 10 22
0 20160803 MB286 21.54 5.27 4.88 1.8 1.62 124026.65 10 22
1 20160804 MB286 19.35 5.17 4.66 2.53 1.53 121868.67 10 22
1 20160804 MB286 19.35 5.17 4.66 2.53 1.53 121868.67 10 22
1 20160804 MB286 19.35 5.17 4.66 2.53 1.53 121868.67 10 22
1 20160805 MB286 19.12 5.11 4.59 2.75 1.57 116381.01 10 22
1 20160805 MB286 19.12 5.11 4.59 2.75 1.57 116381.01 10 22
1 20160805 MB286 19.12 5.11 4.59 2.75 1.57 116381.01 10 22
1 20160806 MB286 24.24 5.55 4.88 1.64 1.68 107641.56 10 22
1 20160806 MB286 24.24 5.55 4.88 1.64 1.68 107641.56 10 22
1 20160806 MB286 24.24 5.55 4.88 1.64 1.68 107641.56 10 22
1 20160807 MB286 23.7 5.17 4.73 2.7 1.5 96730.89 10 22
1 20160807 MB286 23.7 5.17 4.73 2.7 1.5 96730.89 10 22
1 20160807 MB286 23.7 5.17 4.73 2.7 1.5 96730.89 10 22
1 20160808 MB286 20.14 5.53 5.11 1.58 1.63 97792.16 10 22
1 20160808 MB286 20.14 5.53 5.11 1.58 1.63 97792.16 10 22
1 20160808 MB286 20.14 5.53 5.11 1.58 1.63 97792.16 10 22
1 20160809 MB286 18.82 5.14 4.81 3.09 1.53 128931.55 10 22
1 20160809 MB286 18.82 5.14 4.81 3.09 1.53 128931.55 10 22
1 20160809 MB286 18.82 5.14 4.81 3.09 1.53 128931.55 10 22
1 20160810 MB286 19.21 5.48 5.23 1.28 1.66 149873.95 10 22
1 20160810 MB286 19.21 5.48 5.23 1.28 1.66 149873.95 10 22
1 20160810 MB286 19.21 5.48 5.23 1.28 1.66 149873.95 10 22
1 20160811 MB286 19.31 5.05 4.75 2.72 1.47 127782.22 10 22
1 20160811 MB286 19.31 5.05 4.75 2.72 1.47 127782.22 10 22
1 20160811 MB286 19.31 5.05 4.75 2.72 1.47 127782.22 10 22
1 20160802 MB319 24.91 7.02 6.52 2.26 1.39 17750.75 10 17
1 20160802 MB319 24.91 7.02 6.52 2.26 1.39 17750.75 10 17
1 20160802 MB319 24.91 7.02 6.52 2.26 1.39 17750.75 10 17
1 20160803 MB319 13.9 6.85 6.59 4.7 1.23 15252.73 10 17
1 20160803 MB319 13.9 6.85 6.59 4.7 1.23 15252.73 10 17
1 20160803 MB319 13.9 6.85 6.59 4.7 1.23 15252.73 10 17
1 20160804 MB319 20.81 6.96 6.67 4.79 1.25 13566.9 10 17
1 20160804 MB319 20.81 6.96 6.67 4.79 1.25 13566.9 10 17
1 20160804 MB319 20.81 6.96 6.67 4.79 1.25 13566.9 10 17
1 20160805 MB319 16.37 6.92 6.53 3.74 1.28 12837.11 10 17
1 20160805 MB319 16.37 6.92 6.53 3.74 1.28 12837.11 10 17
1 20160805 MB319 16.37 6.92 6.53 3.74 1.28 12837.11 10 17
1 20160806 MB319 18.86 7.42 6.97 5.07 1.35 11635.63 10 17
1 20160806 MB319 18.86 7.42 6.97 5.07 1.35 11635.63 10 17
1 20160806 MB319 18.86 7.42 6.97 5.07 1.35 11635.63 10 17
1 20160807 MB319 23.86 6.95 6.55 4.72 1.37 11546.52 10 17
1 20160807 MB319 23.86 6.95 6.55 4.72 1.37 11546.52 10 17
1 20160807 MB319 23.86 6.95 6.55 4.72 1.37 11546.52 10 17
1 20160808 MB319 22.11 7.51 7.4 2.67 1.55 8904.38 10 17
1 20160808 MB319 22.11 7.51 7.4 2.67 1.55 8904.38 10 17
1 20160808 MB319 22.11 7.51 7.4 2.67 1.55 8904.38 10 17
1 20160809 MB319 20.61 7.02 6.61 4.81 1.28 12526.92 10 17
1 20160809 MB319 20.61 7.02 6.61 4.81 1.28 12526.92 10 17
1 20160809 MB319 20.61 7.02 6.61 4.81 1.28 12526.92 10 17
1 20160810 MB319 21.78 7.46 7.01 4.05 1.5 12957.41 10 17
1 20160810 MB319 21.78 7.46 7.01 4.05 1.5 12957.41 10 17
1 20160810 MB319 21.78 7.46 7.01 4.05 1.5 12957.41 10 17
1 20160811 MB319 20.68 7.11 6.66 3.82 1.42 12663.43 10 17
1 20160811 MB319 20.68 7.11 6.66 3.82 1.42 12663.43 10 17
1 20160811 MB319 20.68 7.11 6.66 3.82 1.42 12663.43 10 17
1 20160802 MB320 18.56 8.19 7.46 5.46 1.62 4021.16 13 12
1 20160802 MB320 18.56 8.19 7.46 5.46 1.62 4021.16 13 12
1 20160802 MB320 18.56 8.19 7.46 5.46 1.62 4021.16 13 12
1 20160803 MB320 18.61 8.11 7.32 5.34 1.53 3550.84 13 12
1 20160803 MB320 18.61 8.11 7.32 5.34 1.53 3550.84 13 12
1 20160803 MB320 18.61 8.11 7.32 5.34 1.53 3550.84 13 12
1 20160804 MB320 15.55 8.14 7.58 5.53 1.51 3021.57 13 12
1 20160804 MB320 15.55 8.14 7.58 5.53 1.51 3021.57 13 12
1 20160804 MB320 15.55 8.14 7.58 5.53 1.51 3021.57 13 12
1 20160805 MB320 15.39 8.12 7.34 5.34 1.46 3054.97 13 12
1 20160805 MB320 15.39 8.12 7.34 5.34 1.46 3054.97 13 12
1 20160805 MB320 15.39 8.12 7.34 5.34 1.46 3054.97 13 12
1 20160806 MB320 16.19 8.88 8.52 5.62 1.77 2965.87 13 12
1 20160806 MB320 16.19 8.88 8.52 5.62 1.77 2965.87 13 12
1 20160806 MB320 16.19 8.88 8.52 5.62 1.77 2965.87 13 12
1 20160807 MB320 18.09 8.06 7.32 5.33 1.76 2441.29 13 12
1 20160807 MB320 18.09 8.06 7.32 5.33 1.76 2441.29 13 12
1 20160807 MB320 18.09 8.06 7.32 5.33 1.76 2441.29 13 12
0 20160808 MB320 12.09 8.38 7.89 2.67 1.39 2171.35 13 12
0 20160808 MB320 12.09 8.38 7.89 2.67 1.39 2171.35 13 12
0 20160808 MB320 12.09 8.38 7.89 2.67 1.39 2171.35 13 12
1 20160809 MB320 18.69 8.1 7.39 5.39 1.72 2996.84 13 12
1 20160809 MB320 18.69 8.1 7.39 5.39 1.72 2996.84 13 12
1 20160809 MB320 18.69 8.1 7.39 5.39 1.72 2996.84 13 12
1 20160810 MB320 18.32 8.67 7.77 5.7 1.94 3452.2 13 12
1 20160810 MB320 18.32 8.67 7.77 5.7 1.94 3452.2 13 12
1 20160810 MB320 18.32 8.67 7.77 5.7 1.94 3452.2 13 12
1 20160811 MB320 18.74 8.13 7.48 5.46 1.49 2854.05 13 12
1 20160811 MB320 18.74 8.13 7.48 5.46 1.49 2854.05 13 12
1 20160811 MB320 18.74 8.13 7.48 5.46 1.49 2854.05 13 12
1 20160802 MB332 15.82 5.08 4.6 1.54 1.02 60583.94 11 12
1 20160802 MB332 15.82 5.08 4.6 1.54 1.02 60583.94 11 12
1 20160802 MB332 15.82 5.08 4.6 1.54 1.02 60583.94 11 12
1 20160803 MB332 11.94 4.98 4.51 1.38 0.98 51407.84 11 12
1 20160803 MB332 11.94 4.98 4.51 1.38 0.98 51407.84 11 12
1 20160803 MB332 11.94 4.98 4.51 1.38 0.98 51407.84 11 12
1 20160804 MB332 13.59 5.03 4.51 1.86 1.02 49414.09 11 12
1 20160804 MB332 13.59 5.03 4.51 1.86 1.02 49414.09 11 12
1 20160804 MB332 13.59 5.03 4.51 1.86 1.02 49414.09 11 12
1 20160805 MB332 13.43 4.78 4.3 2.46 1.0 51745.99 11 12
1 20160805 MB332 13.43 4.78 4.3 2.46 1.0 51745.99 11 12
1 20160805 MB332 13.43 4.78 4.3 2.46 1.0 51745.99 11 12
1 20160806 MB332 11.56 5.11 4.62 1.55 1.02 50490.31 11 12
1 20160806 MB332 11.56 5.11 4.62 1.55 1.02 50490.31 11 12
1 20160806 MB332 11.56 5.11 4.62 1.55 1.02 50490.31 11 12
0 20160807 MB332 11.9 4.98 4.47 3.25 1.03 41501.99 11 12
0 20160807 MB332 11.9 4.98 4.47 3.25 1.03 41501.99 11 12
0 20160807 MB332 11.9 4.98 4.47 3.25 1.03 41501.99 11 12
1 20160808 MB332 16.52 5.47 4.92 1.98 1.14 35366.07 11 12
1 20160808 MB332 16.52 5.47 4.92 1.98 1.14 35366.07 11 12
1 20160808 MB332 16.52 5.47 4.92 1.98 1.14 35366.07 11 12
1 20160809 MB332 14.95 4.93 4.44 1.83 0.99 49098.84 11 12
1 20160809 MB332 14.95 4.93 4.44 1.83 0.99 49098.84 11 12
1 20160809 MB332 14.95 4.93 4.44 1.83 0.99 49098.84 11 12
1 20160810 MB332 15.87 5.21 4.69 1.22 1.06 52885.01 11 12
1 20160810 MB332 15.87 5.21 4.69 1.22 1.06 52885.01 11 12
1 20160810 MB332 15.87 5.21 4.69 1.22 1.06 52885.01 11 12
1 20160811 MB332 13.36 4.92 4.39 2.52 1.04 50393.06 11 12
1 20160811 MB332 13.36 4.92 4.39 2.52 1.04 50393.06 11 12
1 20160811 MB332 13.36 4.92 4.39 2.52 1.04 50393.06 11 12
1 20160802 MB351 18.0 7.58 7.3 5.34 1.27 3272.83 10 18
1 20160802 MB351 18.0 7.58 7.3 5.34 1.27 3272.83 10 18
1 20160802 MB351 18.0 7.58 7.3 5.34 1.27 3272.83 10 18
1 20160803 MB351 15.01 7.24 6.92 5.05 1.14 3430.97 10 18
1 20160803 MB351 15.01 7.24 6.92 5.05 1.14 3430.97 10 18
1 20160803 MB351 15.01 7.24 6.92 5.05 1.14 3430.97 10 18
0 20160804 MB351 17.93 7.34 7.08 5.17 1.39 2839.99 10 18
0 20160804 MB351 17.93 7.34 7.08 5.17 1.39 2839.99 10 18
0 20160804 MB351 17.93 7.34 7.08 5.17 1.39 2839.99 10 18
1 20160805 MB351 11.4 7.15 6.76 4.93 1.16 3461.26 10 18
1 20160805 MB351 11.4 7.15 6.76 4.93 1.16 3461.26 10 18
1 20160805 MB351 11.4 7.15 6.76 4.93 1.16 3461.26 10 18
1 20160806 MB351 18.28 7.13 7.05 5.17 1.3 3380.06 10 18
1 20160806 MB351 18.28 7.13 7.05 5.17 1.3 3380.06 10 18
1 20160806 MB351 18.28 7.13 7.05 5.17 1.3 3380.06 10 18
0 20160807 MB351 12.63 7.04 6.81 4.96 1.25 2891.62 10 18
0 20160807 MB351 12.63 7.04 6.81 4.96 1.25 2891.62 10 18
0 20160807 MB351 12.63 7.04 6.81 4.96 1.25 2891.62 10 18
1 20160808 MB351 15.1 7.96 7.53 5.54 1.49 2036.94 10 18
1 20160808 MB351 15.1 7.96 7.53 5.54 1.49 2036.94 10 18
1 20160808 MB351 15.1 7.96 7.53 5.54 1.49 2036.94 10 18
0 20160809 MB351 14.88 7.22 6.85 4.99 1.3 3306.75 10 18
0 20160809 MB351 14.88 7.22 6.85 4.99 1.3 3306.75 10 18
0 20160809 MB351 14.88 7.22 6.85 4.99 1.3 3306.75 10 18
1 20160810 MB351 17.95 7.51 7.04 2.37 1.37 4123.68 10 18
1 20160810 MB351 17.95 7.51 7.04 2.37 1.37 4123.68 10 18
1 20160810 MB351 17.95 7.51 7.04 2.37 1.37 4123.68 10 18
0 20160811 MB351 14.65 7.22 6.88 5.02 1.29 3214.41 10 18
0 20160811 MB351 14.65 7.22 6.88 5.02 1.29 3214.41 10 18
0 20160811 MB351 14.65 7.22 6.88 5.02 1.29 3214.41 10 18
1 20160802 MB358 16.69 5.92 5.58 4.08 1.21 22193.87 10 15
1 20160802 MB358 16.69 5.92 5.58 4.08 1.21 22193.87 10 15
1 20160802 MB358 16.69 5.92 5.58 4.08 1.21 22193.87 10 15
0 20160803 MB358 13.94 5.84 5.45 3.98 1.2 18180.48 10 15
0 20160803 MB358 13.94 5.84 5.45 3.98 1.2 18180.48 10 15
0 20160803 MB358 13.94 5.84 5.45 3.98 1.2 18180.48 10 15
1 20160804 MB358 14.84 5.86 5.43 3.12 1.24 18961.94 10 15
1 20160804 MB358 14.84 5.86 5.43 3.12 1.24 18961.94 10 15
1 20160804 MB358 14.84 5.86 5.43 3.12 1.24 18961.94 10 15
1 20160805 MB358 15.17 5.63 5.3 3.86 1.21 18770.42 10 15
1 20160805 MB358 15.17 5.63 5.3 3.86 1.21 18770.42 10 15
1 20160805 MB358 15.17 5.63 5.3 3.86 1.21 18770.42 10 15
1 20160806 MB358 14.85 6.01 5.67 3.28 1.16 17895.05 10 15
1 20160806 MB358 14.85 6.01 5.67 3.28 1.16 17895.05 10 15
1 20160806 MB358 14.85 6.01 5.67 3.28 1.16 17895.05 10 15
1 20160807 MB358 18.29 5.77 5.39 3.92 1.3 16231.46 10 15
1 20160807 MB358 18.29 5.77 5.39 3.92 1.3 16231.46 10 15
1 20160807 MB358 18.29 5.77 5.39 3.92 1.3 16231.46 10 15
0 20160808 MB358 12.67 6.26 5.92 4.35 1.24 13431.62 10 15
0 20160808 MB358 12.67 6.26 5.92 4.35 1.24 13431.62 10 15
0 20160808 MB358 12.67 6.26 5.92 4.35 1.24 13431.62 10 15
1 20160809 MB358 16.34 5.76 5.37 3.08 1.19 19210.92 10 15
1 20160809 MB358 16.34 5.76 5.37 3.08 1.19 19210.92 10 15
1 20160809 MB358 16.34 5.76 5.37 3.08 1.19 19210.92 10 15
1 20160810 MB358 16.13 6.13 5.79 3.35 1.14 20202.91 10 15
1 20160810 MB358 16.13 6.13 5.79 3.35 1.14 20202.91 10 15
1 20160810 MB358 16.13 6.13 5.79 3.35 1.14 20202.91 10 15
1 20160811 MB358 14.0 5.77 5.4 3.94 1.12 19344.48 10 15
1 20160811 MB358 14.0 5.77 5.4 3.94 1.12 19344.48 10 15
1 20160811 MB358 14.0 5.77 5.4 3.94 1.12 19344.48 10 15
0 20160802 MB361 14.39 5.48 5.5 1.53 1.24 68741.56 10 19
0 20160802 MB361 14.39 5.48 5.5 1.53 1.24 68741.56 10 19
0 20160802 MB361 14.39 5.48 5.5 1.53 1.24 68741.56 10 19
0 20160803 MB361 14.01 5.28 5.29 1.81 1.19 59391.04 10 19
0 20160803 MB361 14.01 5.28 5.29 1.81 1.19 59391.04 10 19
0 20160803 MB361 14.01 5.28 5.29 1.81 1.19 59391.04 10 19
1 20160804 MB361 14.58 5.36 5.44 1.5 1.17 57104.23 10 19
1 20160804 MB361 14.58 5.36 5.44 1.5 1.17 57104.23 10 19
1 20160804 MB361 14.58 5.36 5.44 1.5 1.17 57104.23 10 19
0 20160805 MB361 18.87 5.29 5.24 3.16 1.18 58216.76 10 19
0 20160805 MB361 18.87 5.29 5.24 3.16 1.18 58216.76 10 19
0 20160805 MB361 18.87 5.29 5.24 3.16 1.18 58216.76 10 19
0 20160806 MB361 16.35 5.67 5.88 1.45 1.23 70913.5 10 19
0 20160806 MB361 16.35 5.67 5.88 1.45 1.23 70913.5 10 19
0 20160806 MB361 16.35 5.67 5.88 1.45 1.23 70913.5 10 19
1 20160807 MB361 15.72 5.29 4.96 2.98 1.19 60916.0 10 19
1 20160807 MB361 15.72 5.29 4.96 2.98 1.19 60916.0 10 19
1 20160807 MB361 15.72 5.29 4.96 2.98 1.19 60916.0 10 19
0 20160808 MB361 15.73 5.82 5.66 1.23 1.28 46076.95 10 19
0 20160808 MB361 15.73 5.82 5.66 1.23 1.28 46076.95 10 19
0 20160808 MB361 15.73 5.82 5.66 1.23 1.28 46076.95 10 19
0 20160809 MB361 15.46 5.15 4.89 2.32 1.1 70908.79 10 19
0 20160809 MB361 15.46 5.15 4.89 2.32 1.1 70908.79 10 19
0 20160809 MB361 15.46 5.15 4.89 2.32 1.1 70908.79 10 19
1 20160810 MB361 16.86 5.64 5.59 1.57 1.2 59930.56 10 19
1 20160810 MB361 16.86 5.64 5.59 1.57 1.2 59930.56 10 19
1 20160810 MB361 16.86 5.64 5.59 1.57 1.2 59930.56 10 19
0 20160811 MB361 15.67 5.21 5.53 2.99 1.18 68991.54 10 19
0 20160811 MB361 15.67 5.21 5.53 2.99 1.18 68991.54 10 19
0 20160811 MB361 15.67 5.21 5.53 2.99 1.18 68991.54 10 19
1 20160802 MB362 20.71 12.07 10.39 9.02 3.17 301.79 13 15
1 20160802 MB362 20.71 12.07 10.39 9.02 3.17 301.79 13 15
1 20160802 MB362 20.71 12.07 10.39 9.02 3.17 301.79 13 15
1 20160803 MB362 24.31 11.34 9.95 7.26 3.7 283.52 13 15
1 20160803 MB362 24.31 11.34 9.95 7.26 3.7 283.52 13 15
1 20160803 MB362 24.31 11.34 9.95 7.26 3.7 283.52 13 15
1 20160804 MB362 23.6 11.7 9.87 8.45 4.04 362.83 13 15
1 20160804 MB362 23.6 11.7 9.87 8.45 4.04 362.83 13 15
1 20160804 MB362 23.6 11.7 9.87 8.45 4.04 362.83 13 15
1 20160805 MB362 25.17 10.31 9.74 7.09 3.07 319.46 13 15
1 20160805 MB362 25.17 10.31 9.74 7.09 3.07 319.46 13 15
1 20160805 MB362 25.17 10.31 9.74 7.09 3.07 319.46 13 15
1 20160806 MB362 27.86 11.58 9.64 7.06 4.94 405.38 13 15
1 20160806 MB362 27.86 11.58 9.64 7.06 4.94 405.38 13 15
1 20160806 MB362 27.86 11.58 9.64 7.06 4.94 405.38 13 15
1 20160807 MB362 12.22 9.84 10.11 7.18 1.22 206.6 13 15
1 20160807 MB362 12.22 9.84 10.11 7.18 1.22 206.6 13 15
1 20160807 MB362 12.22 9.84 10.11 7.18 1.22 206.6 13 15
1 20160808 MB362 31.22 12.22 9.78 7.19 6.23 329.87 13 15
1 20160808 MB362 31.22 12.22 9.78 7.19 6.23 329.87 13 15
1 20160808 MB362 31.22 12.22 9.78 7.19 6.23 329.87 13 15
1 20160809 MB362 14.88 10.74 9.84 8.58 1.77 204.12 13 15
1 20160809 MB362 14.88 10.74 9.84 8.58 1.77 204.12 13 15
1 20160809 MB362 14.88 10.74 9.84 8.58 1.77 204.12 13 15
1 20160810 MB362 24.76 12.49 10.61 7.34 4.73 337.25 13 15
1 20160810 MB362 24.76 12.49 10.61 7.34 4.73 337.25 13 15
1 20160810 MB362 24.76 12.49 10.61 7.34 4.73 337.25 13 15
1 20160811 MB362 23.92 11.48 9.78 8.53 4.56 286.91 13 15
1 20160811 MB362 23.92 11.48 9.78 8.53 4.56 286.91 13 15
1 20160811 MB362 23.92 11.48 9.78 8.53 4.56 286.91 13 15
1 20160802 MB363 16.76 5.08 4.61 1.52 1.16 70445.52 10 12
1 20160802 MB363 16.76 5.08 4.61 1.52 1.16 70445.52 10 12
1 20160802 MB363 16.76 5.08 4.61 1.52 1.16 70445.52 10 12
1 20160803 MB363 15.92 4.97 4.53 1.8 1.18 59644.34 10 12
1 20160803 MB363 15.92 4.97 4.53 1.8 1.18 59644.34 10 12
1 20160803 MB363 15.92 4.97 4.53 1.8 1.18 59644.34 10 12
1 20160804 MB363 16.21 4.97 4.46 3.25 1.25 56898.87 10 12
1 20160804 MB363 16.21 4.97 4.46 3.25 1.25 56898.87 10 12
1 20160804 MB363 16.21 4.97 4.46 3.25 1.25 56898.87 10 12
1 20160805 MB363 16.14 4.9 4.42 3.2 1.16 53161.77 10 12
1 20160805 MB363 16.14 4.9 4.42 3.2 1.16 53161.77 10 12
1 20160805 MB363 16.14 4.9 4.42 3.2 1.16 53161.77 10 12
1 20160806 MB363 17.3 5.31 4.8 2.77 1.21 47925.54 10 12
1 20160806 MB363 17.3 5.31 4.8 2.77 1.21 47925.54 10 12
1 20160806 MB363 17.3 5.31 4.8 2.77 1.21 47925.54 10 12
1 20160807 MB363 16.5 4.99 4.48 3.25 1.23 44352.38 10 12
1 20160807 MB363 16.5 4.99 4.48 3.25 1.23 44352.38 10 12
1 20160807 MB363 16.5 4.99 4.48 3.25 1.23 44352.38 10 12
1 20160808 MB363 16.73 5.32 4.95 1.22 1.32 44133.44 10 12
1 20160808 MB363 16.73 5.32 4.95 1.22 1.32 44133.44 10 12
1 20160808 MB363 16.73 5.32 4.95 1.22 1.32 44133.44 10 12
1 20160809 MB363 15.9 4.82 4.44 1.74 1.19 60274.34 10 12
1 20160809 MB363 15.9 4.82 4.44 1.74 1.19 60274.34 10 12
1 20160809 MB363 15.9 4.82 4.44 1.74 1.19 60274.34 10 12
1 20160810 MB363 16.5 5.05 4.66 1.84 1.24 70222.71 10 12
1 20160810 MB363 16.5 5.05 4.66 1.84 1.24 70222.71 10 12
1 20160810 MB363 16.5 5.05 4.66 1.84 1.24 70222.71 10 12
1 20160811 MB363 16.05 4.76 4.45 3.09 1.12 59309.71 10 12
1 20160811 MB363 16.05 4.76 4.45 3.09 1.12 59309.71 10 12
1 20160811 MB363 16.05 4.76 4.45 3.09 1.12 59309.71 10 12
1 20160802 MB365 11.78 5.91 5.69 3.28 0.98 15549.73 13 12
1 20160802 MB365 11.78 5.91 5.69 3.28 0.98 15549.73 13 12
1 20160802 MB365 11.78 5.91 5.69 3.28 0.98 15549.73 13 12
1 20160803 MB365 10.38 5.83 5.59 4.08 0.95 12609.52 13 12
1 20160803 MB365 10.38 5.83 5.59 4.08 0.95 12609.52 13 12
1 20160803 MB365 10.38 5.83 5.59 4.08 0.95 12609.52 13 12
1 20160804 MB365 14.0 5.68 5.46 3.99 0.99 13909.6 13 12
1 20160804 MB365 14.0 5.68 5.46 3.99 0.99 13909.6 13 12
1 20160804 MB365 14.0 5.68 5.46 3.99 0.99 13909.6 13 12
1 20160805 MB365 11.84 5.68 5.4 3.94 0.99 13293.18 13 12
1 20160805 MB365 11.84 5.68 5.4 3.94 0.99 13293.18 13 12
1 20160805 MB365 11.84 5.68 5.4 3.94 0.99 13293.18 13 12
1 20160806 MB365 12.13 6.05 5.8 3.35 0.96 12126.27 13 12
1 20160806 MB365 12.13 6.05 5.8 3.35 0.96 12126.27 13 12
1 20160806 MB365 12.13 6.05 5.8 3.35 0.96 12126.27 13 12
1 20160807 MB365 12.22 5.93 5.63 4.1 1.03 9629.32 13 12
1 20160807 MB365 12.22 5.93 5.63 4.1 1.03 9629.32 13 12
1 20160807 MB365 12.22 5.93 5.63 4.1 1.03 9629.32 13 12
1 20160808 MB365 13.34 6.52 6.15 2.08 1.07 7847.2 13 12
1 20160808 MB365 13.34 6.52 6.15 2.08 1.07 7847.2 13 12
1 20160808 MB365 13.34 6.52 6.15 2.08 1.07 7847.2 13 12
1 20160809 MB365 11.08 5.79 5.53 4.03 0.96 12321.84 13 12
1 20160809 MB365 11.08 5.79 5.53 4.03 0.96 12321.84 13 12
1 20160809 MB365 11.08 5.79 5.53 4.03 0.96 12321.84 13 12
0 20160810 MB365 12.59 6.09 5.81 4.26 1.05 13548.28 13 12
0 20160810 MB365 12.59 6.09 5.81 4.26 1.05 13548.28 13 12
0 20160810 MB365 12.59 6.09 5.81 4.26 1.05 13548.28 13 12
1 20160811 MB365 12.24 5.78 5.46 3.98 1.02 13137.21 13 12
1 20160811 MB365 12.24 5.78 5.46 3.98 1.02 13137.21 13 12
1 20160811 MB365 12.24 5.78 5.46 3.98 1.02 13137.21 13 12
1 20160802 MB371 21.9 5.58 5.39 2.12 1.32 60191.59 12 12
1 20160802 MB371 21.9 5.58 5.39 2.12 1.32 60191.59 12 12
1 20160802 MB371 21.9 5.58 5.39 2.12 1.32 60191.59 12 12
1 20160803 MB371 19.1 5.49 5.23 2.89 1.3 48957.02 12 12
1 20160803 MB371 19.1 5.49 5.23 2.89 1.3 48957.02 12 12
1 20160803 MB371 19.1 5.49 5.23 2.89 1.3 48957.02 12 12
1 20160804 MB371 21.11 5.52 5.16 3.11 1.28 51991.46 12 12
1 20160804 MB371 21.11 5.52 5.16 3.11 1.28 51991.46 12 12
1 20160804 MB371 21.11 5.52 5.16 3.11 1.28 51991.46 12 12
1 20160805 MB371 22.62 5.44 4.97 3.52 1.4 52576.64 12 12
1 20160805 MB371 22.62 5.44 4.97 3.52 1.4 52576.64 12 12
1 20160805 MB371 22.62 5.44 4.97 3.52 1.4 52576.64 12 12
1 20160806 MB371 21.19 5.86 5.46 1.72 1.85 47273.19 12 12
1 20160806 MB371 21.19 5.86 5.46 1.72 1.85 47273.19 12 12
1 20160806 MB371 21.19 5.86 5.46 1.72 1.85 47273.19 12 12
1 20160807 MB371 20.82 5.41 5.16 3.5 1.35 46804.77 12 12
1 20160807 MB371 20.82 5.41 5.16 3.5 1.35 46804.77 12 12
1 20160807 MB371 20.82 5.41 5.16 3.5 1.35 46804.77 12 12
1 20160808 MB371 21.66 5.97 5.7 2.25 1.48 37233.97 12 12
1 20160808 MB371 21.66 5.97 5.7 2.25 1.48 37233.97 12 12
1 20160808 MB371 21.66 5.97 5.7 2.25 1.48 37233.97 12 12
1 20160809 MB371 18.68 5.38 5.23 2.79 1.39 49874.33 12 12
1 20160809 MB371 18.68 5.38 5.23 2.79 1.39 49874.33 12 12
1 20160809 MB371 18.68 5.38 5.23 2.79 1.39 49874.33 12 12
1 20160810 MB371 19.79 5.75 5.54 1.34 1.43 52894.78 12 12
1 20160810 MB371 19.79 5.75 5.54 1.34 1.43 52894.78 12 12
1 20160810 MB371 19.79 5.75 5.54 1.34 1.43 52894.78 12 12
1 20160811 MB371 18.97 5.55 5.24 2.83 1.39 47088.73 12 12
1 20160811 MB371 18.97 5.55 5.24 2.83 1.39 47088.73 12 12
1 20160811 MB371 18.97 5.55 5.24 2.83 1.39 47088.73 12 12
1 20160802 MB377 16.66 5.88 5.63 1.84 1.3 49642.5 10 16
1 20160802 MB377 16.66 5.88 5.63 1.84 1.3 49642.5 10 16
1 20160802 MB377 16.66 5.88 5.63 1.84 1.3 49642.5 10 16
1 20160803 MB377 17.61 6.0 5.32 3.86 1.93 48105.74 10 16
1 20160803 MB377 17.61 6.0 5.32 3.86 1.93 48105.74 10 16
1 20160803 MB377 17.61 6.0 5.32 3.86 1.93 48105.74 10 16
1 20160804 MB377 16.61 5.43 4.9 1.82 1.36 49423.95 10 16
1 20160804 MB377 16.61 5.43 4.9 1.82 1.36 49423.95 10 16
1 20160804 MB377 16.61 5.43 4.9 1.82 1.36 49423.95 10 16
1 20160805 MB377 18.6 5.63 5.16 2.86 1.2 48841.93 10 16
1 20160805 MB377 18.6 5.63 5.16 2.86 1.2 48841.93 10 16
1 20160805 MB377 18.6 5.63 5.16 2.86 1.2 48841.93 10 16
1 20160806 MB377 15.74 5.87 5.73 2.38 1.14 39149.96 10 16
1 20160806 MB377 15.74 5.87 5.73 2.38 1.14 39149.96 10 16
1 20160806 MB377 15.74 5.87 5.73 2.38 1.14 39149.96 10 16
1 20160807 MB377 16.7 5.68 5.43 3.88 1.16 34475.33 10 16
1 20160807 MB377 16.7 5.68 5.43 3.88 1.16 34475.33 10 16
1 20160807 MB377 16.7 5.68 5.43 3.88 1.16 34475.33 10 16
1 20160808 MB377 17.86 6.2 5.95 2.41 1.19 28505.97 10 16
1 20160808 MB377 17.86 6.2 5.95 2.41 1.19 28505.97 10 16
1 20160808 MB377 17.86 6.2 5.95 2.41 1.19 28505.97 10 16
1 20160809 MB377 19.21 5.6 5.43 3.88 1.09 39619.67 10 16
1 20160809 MB377 19.21 5.6 5.43 3.88 1.09 39619.67 10 16
1 20160809 MB377 19.21 5.6 5.43 3.88 1.09 39619.67 10 16
1 20160810 MB377 17.45 6.01 5.73 2.39 1.16 41868.02 10 16
1 20160810 MB377 17.45 6.01 5.73 2.39 1.16 41868.02 10 16
1 20160810 MB377 17.45 6.01 5.73 2.39 1.16 41868.02 10 16
1 20160811 MB377 16.83 5.64 5.4 3.92 1.12 39639.57 10 16
1 20160811 MB377 16.83 5.64 5.4 3.92 1.12 39639.57 10 16
1 20160811 MB377 16.83 5.64 5.4 3.92 1.12 39639.57 10 16
0 20160802 MB381 14.3 7.42 5.6 4.1 2.79 25482.21 10 18
0 20160802 MB381 14.3 7.42 5.6 4.1 2.79 25482.21 10 18
0 20160802 MB381 14.3 7.42 5.6 4.1 2.79 25482.21 10 18
0 20160803 MB381 13.74 7.37 5.93 3.99 2.77 21640.28 10 18
0 20160803 MB381 13.74 7.37 5.93 3.99 2.77 21640.28 10 18
0 20160803 MB381 13.74 7.37 5.93 3.99 2.77 21640.28 10 18
0 20160804 MB381 17.58 7.24 5.93 2.23 2.69 21981.72 10 18
0 20160804 MB381 17.58 7.24 5.93 2.23 2.69 21981.72 10 18
0 20160804 MB381 17.58 7.24 5.93 2.23 2.69 21981.72 10 18
0 20160805 MB381 11.25 7.32 5.9 3.9 2.75 20438.23 10 18
0 20160805 MB381 11.25 7.32 5.9 3.9 2.75 20438.23 10 18
0 20160805 MB381 11.25 7.32 5.9 3.9 2.75 20438.23 10 18
1 20160806 MB381 14.09 7.7 6.11 2.34 2.87 21134.57 10 18
1 20160806 MB381 14.09 7.7 6.11 2.34 2.87 21134.57 10 18
1 20160806 MB381 14.09 7.7 6.11 2.34 2.87 21134.57 10 18
0 20160807 MB381 12.04 7.31 5.75 3.84 2.77 19946.3 10 18
0 20160807 MB381 12.04 7.31 5.75 3.84 2.77 19946.3 10 18
0 20160807 MB381 12.04 7.31 5.75 3.84 2.77 19946.3 10 18
1 20160808 MB381 14.58 7.86 5.83 2.44 3.02 15657.78 10 18
1 20160808 MB381 14.58 7.86 5.83 2.44 3.02 15657.78 10 18
1 20160808 MB381 14.58 7.86 5.83 2.44 3.02 15657.78 10 18
1 20160809 MB381 15.41 7.43 5.91 3.95 2.75 20534.21 10 18
1 20160809 MB381 15.41 7.43 5.91 3.95 2.75 20534.21 10 18
1 20160809 MB381 15.41 7.43 5.91 3.95 2.75 20534.21 10 18
1 20160810 MB381 14.42 7.65 5.69 2.37 2.93 21483.08 10 18
1 20160810 MB381 14.42 7.65 5.69 2.37 2.93 21483.08 10 18
1 20160810 MB381 14.42 7.65 5.69 2.37 2.93 21483.08 10 18
1 20160811 MB381 13.99 7.31 5.39 3.93 2.76 19830.88 10 18
1 20160811 MB381 13.99 7.31 5.39 3.93 2.76 19830.88 10 18
1 20160811 MB381 13.99 7.31 5.39 3.93 2.76 19830.88 10 18
1 20160802 MB382 11.92 5.98 5.78 3.33 1.0 37108.78 10 14
1 20160802 MB382 11.92 5.98 5.78 3.33 1.0 37108.78 10 14
1 20160802 MB382 11.92 5.98 5.78 3.33 1.0 37108.78 10 14
0 20160803 MB382 12.6 5.9 5.64 4.1 0.99 31834.36 10 14
0 20160803 MB382 12.6 5.9 5.64 4.1 0.99 31834.36 10 14
0 20160803 MB382 12.6 5.9 5.64 4.1 0.99 31834.36 10 14
1 20160804 MB382 12.12 5.86 5.65 3.24 1.01 34915.96 10 14
1 20160804 MB382 12.12 5.86 5.65 3.24 1.01 34915.96 10 14
1 20160804 MB382 12.12 5.86 5.65 3.24 1.01 34915.96 10 14
1 20160805 MB382 13.99 5.93 5.65 4.05 1.01 28733.25 10 14
1 20160805 MB382 13.99 5.93 5.65 4.05 1.01 28733.25 10 14
1 20160805 MB382 13.99 5.93 5.65 4.05 1.01 28733.25 10 14
1 20160806 MB382 11.88 6.14 5.96 2.44 1.03 29550.72 10 14
1 20160806 MB382 11.88 6.14 5.96 2.44 1.03 29550.72 10 14
1 20160806 MB382 11.88 6.14 5.96 2.44 1.03 29550.72 10 14
1 20160807 MB382 13.0 5.94 5.68 4.05 1.0 25773.47 10 14
1 20160807 MB382 13.0 5.94 5.68 4.05 1.0 25773.47 10 14
1 20160807 MB382 13.0 5.94 5.68 4.05 1.0 25773.47 10 14
1 20160808 MB382 12.72 6.47 6.33 2.65 1.05 20001.5 10 14
1 20160808 MB382 12.72 6.47 6.33 2.65 1.05 20001.5 10 14
1 20160808 MB382 12.72 6.47 6.33 2.65 1.05 20001.5 10 14
1 20160809 MB382 11.63 5.88 5.68 4.07 0.98 28710.93 10 14
1 20160809 MB382 11.63 5.88 5.68 4.07 0.98 28710.93 10 14
1 20160809 MB382 11.63 5.88 5.68 4.07 0.98 28710.93 10 14
1 20160810 MB382 14.47 6.2 5.98 2.49 1.02 32097.49 10 14
1 20160810 MB382 14.47 6.2 5.98 2.49 1.02 32097.49 10 14
1 20160810 MB382 14.47 6.2 5.98 2.49 1.02 32097.49 10 14
0 20160811 MB382 13.94 5.92 5.6 4.06 0.98 29903.42 10 14
0 20160811 MB382 13.94 5.92 5.6 4.06 0.98 29903.42 10 14
0 20160811 MB382 13.94 5.92 5.6 4.06 0.98 29903.42 10 14
1 20160802 MB391 13.86 7.99 7.38 5.4 1.6 4113.66 10 12
1 20160802 MB391 13.86 7.99 7.38 5.4 1.6 4113.66 10 12
1 20160802 MB391 13.86 7.99 7.38 5.4 1.6 4113.66 10 12
1 20160803 MB391 11.41 7.67 7.14 5.21 1.37 3843.39 10 12
1 20160803 MB391 11.41 7.67 7.14 5.21 1.37 3843.39 10 12
1 20160803 MB391 11.41 7.67 7.14 5.21 1.37 3843.39 10 12
1 20160804 MB391 18.6 7.91 7.3 5.33 1.59 3205.3 10 12
1 20160804 MB391 18.6 7.91 7.3 5.33 1.59 3205.3 10 12
1 20160804 MB391 18.6 7.91 7.3 5.33 1.59 3205.3 10 12
1 20160805 MB391 15.12 7.83 7.09 5.17 1.42 3476.08 10 12
1 20160805 MB391 15.12 7.83 7.09 5.17 1.42 3476.08 10 12
1 20160805 MB391 15.12 7.83 7.09 5.17 1.42 3476.08 10 12
1 20160806 MB391 18.52 7.95 7.29 5.34 1.6 3665.62 10 12
1 20160806 MB391 18.52 7.95 7.29 5.34 1.6 3665.62 10 12
1 20160806 MB391 18.52 7.95 7.29 5.34 1.6 3665.62 10 12
1 20160807 MB391 11.0 7.21 7.04 5.12 1.11 3548.8 10 12
1 20160807 MB391 11.0 7.21 7.04 5.12 1.11 3548.8 10 12
1 20160807 MB391 11.0 7.21 7.04 5.12 1.11 3548.8 10 12
1 20160808 MB391 12.2 7.83 7.58 5.58 1.33 2952.07 10 12
1 20160808 MB391 12.2 7.83 7.58 5.58 1.33 2952.07 10 12
1 20160808 MB391 12.2 7.83 7.58 5.58 1.33 2952.07 10 12
1 20160809 MB391 18.43 7.72 7.02 5.12 1.43 3605.5 10 12
1 20160809 MB391 18.43 7.72 7.02 5.12 1.43 3605.5 10 12
1 20160809 MB391 18.43 7.72 7.02 5.12 1.43 3605.5 10 12
1 20160810 MB391 12.01 8.35 8.24 4.37 1.47 3809.12 10 12
1 20160810 MB391 12.01 8.35 8.24 4.37 1.47 3809.12 10 12
1 20160810 MB391 12.01 8.35 8.24 4.37 1.47 3809.12 10 12
1 20160811 MB391 12.67 7.98 7.2 5.25 1.45 3445.73 10 12
1 20160811 MB391 12.67 7.98 7.2 5.25 1.45 3445.73 10 12
1 20160811 MB391 12.67 7.98 7.2 5.25 1.45 3445.73 10 12
1 20160802 MB392 23.55 10.32 9.92 2.5 3.19 83308.64 10 12
1 20160802 MB392 23.55 10.32 9.92 2.5 3.19 83308.64 10 12
1 20160802 MB392 23.55 10.32 9.92 2.5 3.19 83308.64 10 12
1 20160803 MB392 21.32 8.83 9.07 4.21 2.86 50592.55 10 12
1 20160803 MB392 21.32 8.83 9.07 4.21 2.86 50592.55 10 12
1 20160803 MB392 21.32 8.83 9.07 4.21 2.86 50592.55 10 12
1 20160804 MB392 21.53 8.89 9.24 2.71 2.96 46705.52 10 12
1 20160804 MB392 21.53 8.89 9.24 2.71 2.96 46705.52 10 12
1 20160804 MB392 21.53 8.89 9.24 2.71 2.96 46705.52 10 12
1 20160805 MB392 20.98 8.94 9.04 4.21 2.89 44526.18 10 12
1 20160805 MB392 20.98 8.94 9.04 4.21 2.89 44526.18 10 12
1 20160805 MB392 20.98 8.94 9.04 4.21 2.89 44526.18 10 12
1 20160806 MB392 25.62 9.84 9.57 2.96 3.09 42788.21 10 12
1 20160806 MB392 25.62 9.84 9.57 2.96 3.09 42788.21 10 12
1 20160806 MB392 25.62 9.84 9.57 2.96 3.09 42788.21 10 12
1 20160807 MB392 22.51 9.14 9.05 4.02 2.95 38137.11 10 12
1 20160807 MB392 22.51 9.14 9.05 4.02 2.95 38137.11 10 12
1 20160807 MB392 22.51 9.14 9.05 4.02 2.95 38137.11 10 12
1 20160808 MB392 27.46 9.6 10.08 2.58 3.49 31426.46 10 12
1 20160808 MB392 27.46 9.6 10.08 2.58 3.49 31426.46 10 12
1 20160808 MB392 27.46 9.6 10.08 2.58 3.49 31426.46 10 12
1 20160809 MB392 23.72 8.8 9.06 4.11 3.04 47054.08 10 12
1 20160809 MB392 23.72 8.8 9.06 4.11 3.04 47054.08 10 12
1 20160809 MB392 23.72 8.8 9.06 4.11 3.04 47054.08 10 12
1 20160810 MB392 28.57 9.34 9.39 2.01 3.07 54324.69 10 12
1 20160810 MB392 28.57 9.34 9.39 2.01 3.07 54324.69 10 12
1 20160810 MB392 28.57 9.34 9.39 2.01 3.07 54324.69 10 12
1 20160811 MB392 22.26 8.89 9.0 4.17 3.01 48489.41 10 12
1 20160811 MB392 22.26 8.89 9.0 4.17 3.01 48489.41 10 12
1 20160811 MB392 22.26 8.89 9.0 4.17 3.01 48489.41 10 12
1 20160802 MB409 15.81 6.38 6.3 3.63 1.1 16160.15 8 15
1 20160802 MB409 15.81 6.38 6.3 3.63 1.1 16160.15 8 15
1 20160802 MB409 15.81 6.38 6.3 3.63 1.1 16160.15 8 15
1 20160803 MB409 18.62 6.06 5.86 4.28 1.08 16284.94 8 15
1 20160803 MB409 18.62 6.06 5.86 4.28 1.08 16284.94 8 15
1 20160803 MB409 18.62 6.06 5.86 4.28 1.08 16284.94 8 15
1 20160804 MB409 15.64 6.33 6.18 4.51 1.03 13366.81 8 15
1 20160804 MB409 15.64 6.33 6.18 4.51 1.03 13366.81 8 15
1 20160804 MB409 15.64 6.33 6.18 4.51 1.03 13366.81 8 15
1 20160805 MB409 15.47 6.14 6.02 4.38 1.03 13448.44 8 15
1 20160805 MB409 15.47 6.14 6.02 4.38 1.03 13448.44 8 15
1 20160805 MB409 15.47 6.14 6.02 4.38 1.03 13448.44 8 15
0 20160806 MB409 14.16 6.71 6.33 2.13 1.25 12442.34 8 15
0 20160806 MB409 14.16 6.71 6.33 2.13 1.25 12442.34 8 15
0 20160806 MB409 14.16 6.71 6.33 2.13 1.25 12442.34 8 15
1 20160807 MB409 15.84 6.34 6.1 4.44 1.09 10400.92 8 15
1 20160807 MB409 15.84 6.34 6.1 4.44 1.09 10400.92 8 15
1 20160807 MB409 15.84 6.34 6.1 4.44 1.09 10400.92 8 15
1 20160808 MB409 20.56 6.71 6.6 2.77 1.06 9506.65 8 15
1 20160808 MB409 20.56 6.71 6.6 2.77 1.06 9506.65 8 15
1 20160808 MB409 20.56 6.71 6.6 2.77 1.06 9506.65 8 15
1 20160809 MB409 19.26 6.37 6.14 4.48 1.17 12101.16 8 15
1 20160809 MB409 19.26 6.37 6.14 4.48 1.17 12101.16 8 15
1 20160809 MB409 19.26 6.37 6.14 4.48 1.17 12101.16 8 15
1 20160810 MB409 15.4 6.62 6.45 4.73 1.17 13824.29 8 15
1 20160810 MB409 15.4 6.62 6.45 4.73 1.17 13824.29 8 15
1 20160810 MB409 15.4 6.62 6.45 4.73 1.17 13824.29 8 15
1 20160811 MB409 18.51 6.27 6.14 4.48 1.19 12735.22 8 15
1 20160811 MB409 18.51 6.27 6.14 4.48 1.19 12735.22 8 15
1 20160811 MB409 18.51 6.27 6.14 4.48 1.19 12735.22 8 15
0 20160802 MB410 13.82 5.7 5.51 2.03 1.31 45199.77 10 18
0 20160802 MB410 13.82 5.7 5.51 2.03 1.31 45199.77 10 18
0 20160802 MB410 13.82 5.7 5.51 2.03 1.31 45199.77 10 18
0 20160803 MB410 15.1 5.53 4.74 2.72 1.28 37885.87 10 18
0 20160803 MB410 15.1 5.53 4.74 2.72 1.28 37885.87 10 18
0 20160803 MB410 15.1 5.53 4.74 2.72 1.28 37885.87 10 18
0 20160804 MB410 15.17 5.52 4.75 2.73 1.27 37348.39 10 18
0 20160804 MB410 15.17 5.52 4.75 2.73 1.27 37348.39 10 18
0 20160804 MB410 15.17 5.52 4.75 2.73 1.27 37348.39 10 18
0 20160805 MB410 14.98 5.26 4.49 3.27 1.27 41497.21 10 18
0 20160805 MB410 14.98 5.26 4.49 3.27 1.27 41497.21 10 18
0 20160805 MB410 14.98 5.26 4.49 3.27 1.27 41497.21 10 18
1 20160806 MB410 14.66 5.42 4.71 1.96 1.29 41479.4 10 18
1 20160806 MB410 14.66 5.42 4.71 1.96 1.29 41479.4 10 18
1 20160806 MB410 14.66 5.42 4.71 1.96 1.29 41479.4 10 18
0 20160807 MB410 13.85 5.35 4.59 1.88 1.28 33382.51 10 18
0 20160807 MB410 13.85 5.35 4.59 1.88 1.28 33382.51 10 18
0 20160807 MB410 13.85 5.35 4.59 1.88 1.28 33382.51 10 18
0 20160808 MB410 14.08 5.74 4.97 1.3 1.3 30415.52 10 18
0 20160808 MB410 14.08 5.74 4.97 1.3 1.3 30415.52 10 18
0 20160808 MB410 14.08 5.74 4.97 1.3 1.3 30415.52 10 18
1 20160809 MB410 21.03 5.49 4.74 3.45 1.29 35960.39 10 18
1 20160809 MB410 21.03 5.49 4.74 3.45 1.29 35960.39 10 18
1 20160809 MB410 21.03 5.49 4.74 3.45 1.29 35960.39 10 18
1 20160810 MB410 13.78 5.71 4.94 1.28 1.3 40290.8 10 18
1 20160810 MB410 13.78 5.71 4.94 1.28 1.3 40290.8 10 18
1 20160810 MB410 13.78 5.71 4.94 1.28 1.3 40290.8 10 18
0 20160811 MB410 17.03 5.47 4.69 2.57 1.32 37169.69 10 18
0 20160811 MB410 17.03 5.47 4.69 2.57 1.32 37169.69 10 18
0 20160811 MB410 17.03 5.47 4.69 2.57 1.32 37169.69 10 18
1 20160802 MB414 20.4 5.58 5.38 2.23 1.01 39166.94 10 12
1 20160802 MB414 20.4 5.58 5.38 2.23 1.01 39166.94 10 12
1 20160802 MB414 20.4 5.58 5.38 2.23 1.01 39166.94 10 12
1 20160803 MB414 18.6 5.27 5.11 3.73 0.95 37696.09 10 12
1 20160803 MB414 18.6 5.27 5.11 3.73 0.95 37696.09 10 12
1 20160803 MB414 18.6 5.27 5.11 3.73 0.95 37696.09 10 12
1 20160804 MB414 18.97 5.35 5.18 2.14 1.03 35120.23 10 12
1 20160804 MB414 18.97 5.35 5.18 2.14 1.03 35120.23 10 12
1 20160804 MB414 18.97 5.35 5.18 2.14 1.03 35120.23 10 12
1 20160805 MB414 19.04 5.23 5.03 3.67 0.97 34010.24 10 12
1 20160805 MB414 19.04 5.23 5.03 3.67 0.97 34010.24 10 12
1 20160805 MB414 19.04 5.23 5.03 3.67 0.97 34010.24 10 12
1 20160806 MB414 13.3 5.54 5.33 3.9 0.97 35169.5 10 12
1 20160806 MB414 13.3 5.54 5.33 3.9 0.97 35169.5 10 12
1 20160806 MB414 13.3 5.54 5.33 3.9 0.97 35169.5 10 12
1 20160807 MB414 16.23 5.16 4.96 3.61 0.93 31592.92 10 12
1 20160807 MB414 16.23 5.16 4.96 3.61 0.93 31592.92 10 12
1 20160807 MB414 16.23 5.16 4.96 3.61 0.93 31592.92 10 12
1 20160808 MB414 16.57 5.73 5.48 2.36 1.0 26922.84 10 12
1 20160808 MB414 16.57 5.73 5.48 2.36 1.0 26922.84 10 12
1 20160808 MB414 16.57 5.73 5.48 2.36 1.0 26922.84 10 12
1 20160809 MB414 19.72 5.23 5.05 3.68 0.97 35677.62 10 12
1 20160809 MB414 19.72 5.23 5.05 3.68 0.97 35677.62 10 12
1 20160809 MB414 19.72 5.23 5.05 3.68 0.97 35677.62 10 12
1 20160810 MB414 17.3 5.47 5.3 1.81 0.96 39613.0 10 12
1 20160810 MB414 17.3 5.47 5.3 1.81 0.96 39613.0 10 12
1 20160810 MB414 17.3 5.47 5.3 1.81 0.96 39613.0 10 12
1 20160811 MB414 16.67 5.28 5.09 3.71 0.96 34174.59 10 12
1 20160811 MB414 16.67 5.28 5.09 3.71 0.96 34174.59 10 12
1 20160811 MB414 16.67 5.28 5.09 3.71 0.96 34174.59 10 12
0 20160802 MB419 19.48 6.03 5.61 1.88 1.14 37158.4 10 20
0 20160802 MB419 19.48 6.03 5.61 1.88 1.14 37158.4 10 20
0 20160802 MB419 19.48 6.03 5.61 1.88 1.14 37158.4 10 20
0 20160803 MB419 16.6 6.18 5.64 3.23 1.11 28923.48 10 20
0 20160803 MB419 16.6 6.18 5.64 3.23 1.11 28923.48 10 20
0 20160803 MB419 16.6 6.18 5.64 3.23 1.11 28923.48 10 20
0 20160804 MB419 15.89 6.09 5.72 3.28 1.19 30104.9 10 20
0 20160804 MB419 15.89 6.09 5.72 3.28 1.19 30104.9 10 20
0 20160804 MB419 15.89 6.09 5.72 3.28 1.19 30104.9 10 20
0 20160805 MB419 14.55 5.46 5.48 3.51 1.02 43684.99 10 20
0 20160805 MB419 14.55 5.46 5.48 3.51 1.02 43684.99 10 20
0 20160805 MB419 14.55 5.46 5.48 3.51 1.02 43684.99 10 20
0 20160806 MB419 17.08 5.97 5.77 2.15 1.18 37549.98 10 20
0 20160806 MB419 17.08 5.97 5.77 2.15 1.18 37549.98 10 20
0 20160806 MB419 17.08 5.97 5.77 2.15 1.18 37549.98 10 20
0 20160807 MB419 14.46 5.78 5.46 3.73 1.04 33010.96 10 20
0 20160807 MB419 14.46 5.78 5.46 3.73 1.04 33010.96 10 20
0 20160807 MB419 14.46 5.78 5.46 3.73 1.04 33010.96 10 20
0 20160808 MB419 15.47 6.23 5.82 1.97 1.12 26597.46 10 20
0 20160808 MB419 15.47 6.23 5.82 1.97 1.12 26597.46 10 20
0 20160808 MB419 15.47 6.23 5.82 1.97 1.12 26597.46 10 20
0 20160809 MB419 14.64 5.67 5.48 3.69 1.04 38217.62 10 20
0 20160809 MB419 14.64 5.67 5.48 3.69 1.04 38217.62 10 20
0 20160809 MB419 14.64 5.67 5.48 3.69 1.04 38217.62 10 20
0 20160810 MB419 15.02 6.44 5.91 1.52 1.23 30693.16 10 20
0 20160810 MB419 15.02 6.44 5.91 1.52 1.23 30693.16 10 20
0 20160810 MB419 15.02 6.44 5.91 1.52 1.23 30693.16 10 20
0 20160811 MB419 14.41 5.99 5.62 3.9 1.12 30278.57 10 20
0 20160811 MB419 14.41 5.99 5.62 3.9 1.12 30278.57 10 20
0 20160811 MB419 14.41 5.99 5.62 3.9 1.12 30278.57 10 20
1 20160802 MB420 18.2 3.72 3.38 1.95 1.08 145964.83 8 13
1 20160802 MB420 18.2 3.72 3.38 1.95 1.08 145964.83 8 13
1 20160802 MB420 18.2 3.72 3.38 1.95 1.08 145964.83 8 13
1 20160803 MB420 18.07 3.55 3.2 1.84 1.03 128886.07 8 13
1 20160803 MB420 18.07 3.55 3.2 1.84 1.03 128886.07 8 13
1 20160803 MB420 18.07 3.55 3.2 1.84 1.03 128886.07 8 13
1 20160804 MB420 21.21 3.6 3.24 1.86 1.05 122722.69 8 13
1 20160804 MB420 21.21 3.6 3.24 1.86 1.05 122722.69 8 13
1 20160804 MB420 21.21 3.6 3.24 1.86 1.05 122722.69 8 13
1 20160805 MB420 19.97 3.54 3.2 1.83 1.07 113083.86 8 13
1 20160805 MB420 19.97 3.54 3.2 1.83 1.07 113083.86 8 13
1 20160805 MB420 19.97 3.54 3.2 1.83 1.07 113083.86 8 13
1 20160806 MB420 14.79 3.85 3.47 1.44 1.08 113050.49 8 13
1 20160806 MB420 14.79 3.85 3.47 1.44 1.08 113050.49 8 13
1 20160806 MB420 14.79 3.85 3.47 1.44 1.08 113050.49 8 13
1 20160807 MB420 18.37 3.56 3.2 1.83 1.07 102264.35 8 13
1 20160807 MB420 18.37 3.56 3.2 1.83 1.07 102264.35 8 13
1 20160807 MB420 18.37 3.56 3.2 1.83 1.07 102264.35 8 13
1 20160808 MB420 22.47 4.06 3.69 1.55 1.16 82264.83 8 13
1 20160808 MB420 22.47 4.06 3.69 1.55 1.16 82264.83 8 13
1 20160808 MB420 22.47 4.06 3.69 1.55 1.16 82264.83 8 13
1 20160809 MB420 12.65 3.57 3.22 1.85 1.05 114187.19 8 13
1 20160809 MB420 12.65 3.57 3.22 1.85 1.05 114187.19 8 13
1 20160809 MB420 12.65 3.57 3.22 1.85 1.05 114187.19 8 13
1 20160810 MB420 15.63 3.8 3.44 1.16 1.07 127730.1 8 13
1 20160810 MB420 15.63 3.8 3.44 1.16 1.07 127730.1 8 13
1 20160810 MB420 15.63 3.8 3.44 1.16 1.07 127730.1 8 13
1 20160811 MB420 15.73 3.51 3.18 1.82 1.04 116913.27 8 13
1 20160811 MB420 15.73 3.51 3.18 1.82 1.04 116913.27 8 13
1 20160811 MB420 15.73 3.51 3.18 1.82 1.04 116913.27 8 13
0 20160802 MB425 17.07 7.96 7.73 5.66 1.48 2125.56 10 19
0 20160802 MB425 17.07 7.96 7.73 5.66 1.48 2125.56 10 19
0 20160802 MB425 17.07 7.96 7.73 5.66 1.48 2125.56 10 19
1 20160803 MB425 13.77 7.77 7.51 5.48 1.36 1964.85 10 19
1 20160803 MB425 13.77 7.77 7.51 5.48 1.36 1964.85 10 19
1 20160803 MB425 13.77 7.77 7.51 5.48 1.36 1964.85 10 19
1 20160804 MB425 14.42 7.67 7.43 5.42 1.57 2085.19 10 19
1 20160804 MB425 14.42 7.67 7.43 5.42 1.57 2085.19 10 19
1 20160804 MB425 14.42 7.67 7.43 5.42 1.57 2085.19 10 19
0 20160805 MB425 13.93 7.51 7.31 5.32 1.33 2018.96 10 19
0 20160805 MB425 13.93 7.51 7.31 5.32 1.33 2018.96 10 19
0 20160805 MB425 13.93 7.51 7.31 5.32 1.33 2018.96 10 19
0 20160806 MB425 15.49 8.06 7.67 3.19 1.51 1925.7 10 19
0 20160806 MB425 15.49 8.06 7.67 3.19 1.51 1925.7 10 19
0 20160806 MB425 15.49 8.06 7.67 3.19 1.51 1925.7 10 19
1 20160807 MB425 13.67 7.68 7.22 5.25 1.54 2027.76 10 19
1 20160807 MB425 13.67 7.68 7.22 5.25 1.54 2027.76 10 19
1 20160807 MB425 13.67 7.68 7.22 5.25 1.54 2027.76 10 19
0 20160808 MB425 18.26 8.31 7.95 5.85 1.6 1380.14 10 19
0 20160808 MB425 18.26 8.31 7.95 5.85 1.6 1380.14 10 19
0 20160808 MB425 18.26 8.31 7.95 5.85 1.6 1380.14 10 19
0 20160809 MB425 14.11 7.41 7.27 5.3 1.33 2148.31 10 19
0 20160809 MB425 14.11 7.41 7.27 5.3 1.33 2148.31 10 19
0 20160809 MB425 14.11 7.41 7.27 5.3 1.33 2148.31 10 19
1 20160810 MB425 14.9 7.83 7.63 4.42 1.44 2261.72 10 19
1 20160810 MB425 14.9 7.83 7.63 4.42 1.44 2261.72 10 19
1 20160810 MB425 14.9 7.83 7.63 4.42 1.44 2261.72 10 19
0 20160811 MB425 13.98 7.83 7.5 5.47 1.41 1769.35 10 19
0 20160811 MB425 13.98 7.83 7.5 5.47 1.41 1769.35 10 19
0 20160811 MB425 13.98 7.83 7.5 5.47 1.41 1769.35 10 19
0 20160802 MB431 18.91 6.26 5.7 4.17 1.32 23854.13 10 20
0 20160802 MB431 18.91 6.26 5.7 4.17 1.32 23854.13 10 20
0 20160802 MB431 18.91 6.26 5.7 4.17 1.32 23854.13 10 20
1 20160803 MB431 29.81 6.19 5.59 4.08 1.38 19950.58 10 20
1 20160803 MB431 29.81 6.19 5.59 4.08 1.38 19950.58 10 20
1 20160803 MB431 29.81 6.19 5.59 4.08 1.38 19950.58 10 20
1 20160804 MB431 13.08 6.23 5.63 4.11 1.25 19774.65 10 20
1 20160804 MB431 13.08 6.23 5.63 4.11 1.25 19774.65 10 20
1 20160804 MB431 13.08 6.23 5.63 4.11 1.25 19774.65 10 20
1 20160805 MB431 25.25 6.31 5.63 4.1 1.47 18027.1 10 20
1 20160805 MB431 25.25 6.31 5.63 4.1 1.47 18027.1 10 20
1 20160805 MB431 25.25 6.31 5.63 4.1 1.47 18027.1 10 20
0 20160806 MB431 26.3 6.88 6.21 3.82 1.44 15491.31 10 20
0 20160806 MB431 26.3 6.88 6.21 3.82 1.44 15491.31 10 20
0 20160806 MB431 26.3 6.88 6.21 3.82 1.44 15491.31 10 20
1 20160807 MB431 25.2 6.42 5.83 4.25 1.35 15310.15 10 20
1 20160807 MB431 25.2 6.42 5.83 4.25 1.35 15310.15 10 20
1 20160807 MB431 25.2 6.42 5.83 4.25 1.35 15310.15 10 20
0 20160808 MB431 19.43 6.88 6.31 2.13 1.43 11137.65 10 20
0 20160808 MB431 19.43 6.88 6.31 2.13 1.43 11137.65 10 20
0 20160808 MB431 19.43 6.88 6.31 2.13 1.43 11137.65 10 20
1 20160809 MB431 25.51 6.13 5.54 4.04 1.4 18204.56 10 20
1 20160809 MB431 25.51 6.13 5.54 4.04 1.4 18204.56 10 20
1 20160809 MB431 25.51 6.13 5.54 4.04 1.4 18204.56 10 20
1 20160810 MB431 23.37 6.55 5.97 2.49 1.36 18995.82 10 20
1 20160810 MB431 23.37 6.55 5.97 2.49 1.36 18995.82 10 20
1 20160810 MB431 23.37 6.55 5.97 2.49 1.36 18995.82 10 20
0 20160811 MB431 15.0 6.05 5.5 4.01 1.28 18996.0 10 20
0 20160811 MB431 15.0 6.05 5.5 4.01 1.28 18996.0 10 20
0 20160811 MB431 15.0 6.05 5.5 4.01 1.28 18996.0 10 20
1 20160802 MB436 16.83 6.16 5.85 2.78 1.1 25858.72 10 16
1 20160802 MB436 16.83 6.16 5.85 2.78 1.1 25858.72 10 16
1 20160802 MB436 16.83 6.16 5.85 2.78 1.1 25858.72 10 16
1 20160803 MB436 14.59 5.88 5.39 3.72 1.05 23467.32 10 16
1 20160803 MB436 14.59 5.88 5.39 3.72 1.05 23467.32 10 16
1 20160803 MB436 14.59 5.88 5.39 3.72 1.05 23467.32 10 16
1 20160804 MB436 13.17 5.92 5.45 3.98 1.02 22216.43 10 16
1 20160804 MB436 13.17 5.92 5.45 3.98 1.02 22216.43 10 16
1 20160804 MB436 13.17 5.92 5.45 3.98 1.02 22216.43 10 16
1 20160805 MB436 14.39 5.79 5.38 3.08 1.02 21241.28 10 16
1 20160805 MB436 14.39 5.79 5.38 3.08 1.02 21241.28 10 16
1 20160805 MB436 14.39 5.79 5.38 3.08 1.02 21241.28 10 16
1 20160806 MB436 18.35 6.32 5.82 4.26 1.16 18370.99 10 16
1 20160806 MB436 18.35 6.32 5.82 4.26 1.16 18370.99 10 16
1 20160806 MB436 18.35 6.32 5.82 4.26 1.16 18370.99 10 16
1 20160807 MB436 16.25 6.03 5.6 3.99 1.28 17920.5 10 16
1 20160807 MB436 16.25 6.03 5.6 3.99 1.28 17920.5 10 16
1 20160807 MB436 16.25 6.03 5.6 3.99 1.28 17920.5 10 16
1 20160808 MB436 15.9 6.5 6.04 2.53 1.2 13127.81 10 16
1 20160808 MB436 15.9 6.5 6.04 2.53 1.2 13127.81 10 16
1 20160808 MB436 15.9 6.5 6.04 2.53 1.2 13127.81 10 16
1 20160809 MB436 15.68 5.86 5.43 3.96 1.06 21366.88 10 16
1 20160809 MB436 15.68 5.86 5.43 3.96 1.06 21366.88 10 16
1 20160809 MB436 15.68 5.86 5.43 3.96 1.06 21366.88 10 16
1 20160810 MB436 16.79 6.28 5.79 2.36 1.21 21211.97 10 16
1 20160810 MB436 16.79 6.28 5.79 2.36 1.21 21211.97 10 16
1 20160810 MB436 16.79 6.28 5.79 2.36 1.21 21211.97 10 16
1 20160811 MB436 15.57 5.87 5.61 3.89 1.05 23089.14 10 16
1 20160811 MB436 15.57 5.87 5.61 3.89 1.05 23089.14 10 16
1 20160811 MB436 15.57 5.87 5.61 3.89 1.05 23089.14 10 16
0 20160802 MB438 17.51 6.31 5.95 1.49 1.23 39291.26 10 22
0 20160802 MB438 17.51 6.31 5.95 1.49 1.23 39291.26 10 22
0 20160802 MB438 17.51 6.31 5.95 1.49 1.23 39291.26 10 22
0 20160803 MB438 18.05 6.25 5.85 1.94 1.24 31107.46 10 22
0 20160803 MB438 18.05 6.25 5.85 1.94 1.24 31107.46 10 22
0 20160803 MB438 18.05 6.25 5.85 1.94 1.24 31107.46 10 22
0 20160804 MB438 17.62 6.16 5.81 2.39 1.18 33106.7 10 22
0 20160804 MB438 17.62 6.16 5.81 2.39 1.18 33106.7 10 22
0 20160804 MB438 17.62 6.16 5.81 2.39 1.18 33106.7 10 22
0 20160805 MB438 17.93 6.23 5.84 4.13 1.34 29200.44 10 22
0 20160805 MB438 17.93 6.23 5.84 4.13 1.34 29200.44 10 22
0 20160805 MB438 17.93 6.23 5.84 4.13 1.34 29200.44 10 22
0 20160806 MB438 21.23 6.51 6.14 2.06 1.35 26952.05 10 22
0 20160806 MB438 21.23 6.51 6.14 2.06 1.35 26952.05 10 22
0 20160806 MB438 21.23 6.51 6.14 2.06 1.35 26952.05 10 22
1 20160807 MB438 15.9 6.39 5.86 4.22 1.32 24758.4 10 22
1 20160807 MB438 15.9 6.39 5.86 4.22 1.32 24758.4 10 22
1 20160807 MB438 15.9 6.39 5.86 4.22 1.32 24758.4 10 22
0 20160808 MB438 20.21 6.82 6.33 2.14 1.48 21448.58 10 22
0 20160808 MB438 20.21 6.82 6.33 2.14 1.48 21448.58 10 22
0 20160808 MB438 20.21 6.82 6.33 2.14 1.48 21448.58 10 22
0 20160809 MB438 17.05 6.28 5.81 4.19 1.32 29095.32 10 22
0 20160809 MB438 17.05 6.28 5.81 4.19 1.32 29095.32 10 22
0 20160809 MB438 17.05 6.28 5.81 4.19 1.32 29095.32 10 22
0 20160810 MB438 18.58 6.65 6.19 2.03 1.38 30958.33 10 22
0 20160810 MB438 18.58 6.65 6.19 2.03 1.38 30958.33 10 22
0 20160810 MB438 18.58 6.65 6.19 2.03 1.38 30958.33 10 22
0 20160811 MB438 22.7 6.27 5.87 3.36 1.25 30893.85 10 22
0 20160811 MB438 22.7 6.27 5.87 3.36 1.25 30893.85 10 22
0 20160811 MB438 22.7 6.27 5.87 3.36 1.25 30893.85 10 22
1 20160802 MB440 23.43 4.64 4.62 1.59 1.39 128558.22 10 12
1 20160802 MB440 23.43 4.64 4.62 1.59 1.39 128558.22 10 12
1 20160802 MB440 23.43 4.64 4.62 1.59 1.39 128558.22 10 12
1 20160803 MB440 23.69 4.49 4.07 2.68 1.25 87862.1 10 12
1 20160803 MB440 23.69 4.49 4.07 2.68 1.25 87862.1 10 12
1 20160803 MB440 23.69 4.49 4.07 2.68 1.25 87862.1 10 12
1 20160804 MB440 23.4 4.5 4.07 2.24 1.37 89446.08 10 12
1 20160804 MB440 23.4 4.5 4.07 2.24 1.37 89446.08 10 12
1 20160804 MB440 23.4 4.5 4.07 2.24 1.37 89446.08 10 12
1 20160805 MB440 20.39 4.43 4.01 2.21 1.26 83113.5 10 12
1 20160805 MB440 20.39 4.43 4.01 2.21 1.26 83113.5 10 12
1 20160805 MB440 20.39 4.43 4.01 2.21 1.26 83113.5 10 12
1 20160806 MB440 22.22 4.81 4.76 1.71 1.45 94962.61 10 12
1 20160806 MB440 22.22 4.81 4.76 1.71 1.45 94962.61 10 12
1 20160806 MB440 22.22 4.81 4.76 1.71 1.45 94962.61 10 12
1 20160807 MB440 25.65 4.39 3.87 2.21 1.29 80923.87 10 12
1 20160807 MB440 25.65 4.39 3.87 2.21 1.29 80923.87 10 12
1 20160807 MB440 25.65 4.39 3.87 2.21 1.29 80923.87 10 12
1 20160808 MB440 28.16 4.87 4.84 1.81 1.32 67269.07 10 12
1 20160808 MB440 28.16 4.87 4.84 1.81 1.32 67269.07 10 12
1 20160808 MB440 28.16 4.87 4.84 1.81 1.32 67269.07 10 12
1 20160809 MB440 21.55 4.34 3.86 2.81 1.23 92605.94 10 12
1 20160809 MB440 21.55 4.34 3.86 2.81 1.23 92605.94 10 12
1 20160809 MB440 21.55 4.34 3.86 2.81 1.23 92605.94 10 12
1 20160810 MB440 20.37 4.61 4.16 1.7 1.31 100716.83 10 12
1 20160810 MB440 20.37 4.61 4.16 1.7 1.31 100716.83 10 12
1 20160810 MB440 20.37 4.61 4.16 1.7 1.31 100716.83 10 12
1 20160811 MB440 21.81 4.4 3.9 2.22 1.24 88642.48 10 12
1 20160811 MB440 21.81 4.4 3.9 2.22 1.24 88642.48 10 12
1 20160811 MB440 21.81 4.4 3.9 2.22 1.24 88642.48 10 12
1 20160802 RTS1 18.67 7.64 7.08 5.18 1.57 4988.88 10 15
1 20160802 RTS1 18.67 7.64 7.08 5.18 1.57 4988.88 10 15
1 20160802 RTS1 18.67 7.64 7.08 5.18 1.57 4988.88 10 15
1 20160803 RTS1 17.39 7.9 6.89 5.03 2.31 5199.69 10 15
1 20160803 RTS1 17.39 7.9 6.89 5.03 2.31 5199.69 10 15
1 20160803 RTS1 17.39 7.9 6.89 5.03 2.31 5199.69 10 15
1 20160804 RTS1 19.63 8.04 6.74 4.92 2.47 5481.22 10 15
1 20160804 RTS1 19.63 8.04 6.74 4.92 2.47 5481.22 10 15
1 20160804 RTS1 19.63 8.04 6.74 4.92 2.47 5481.22 10 15
1 20160805 RTS1 18.16 7.53 6.8 4.95 1.76 4289.6 10 15
1 20160805 RTS1 18.16 7.53 6.8 4.95 1.76 4289.6 10 15
1 20160805 RTS1 18.16 7.53 6.8 4.95 1.76 4289.6 10 15
1 20160806 RTS1 20.96 8.0 7.08 5.19 2.01 4237.5 10 15
1 20160806 RTS1 20.96 8.0 7.08 5.19 2.01 4237.5 10 15
1 20160806 RTS1 20.96 8.0 7.08 5.19 2.01 4237.5 10 15
1 20160807 RTS1 14.62 7.09 6.59 4.8 1.38 4307.89 10 15
1 20160807 RTS1 14.62 7.09 6.59 4.8 1.38 4307.89 10 15
1 20160807 RTS1 14.62 7.09 6.59 4.8 1.38 4307.89 10 15
1 20160808 RTS1 19.44 7.82 7.27 3.74 1.61 3050.94 10 15
1 20160808 RTS1 19.44 7.82 7.27 3.74 1.61 3050.94 10 15
1 20160808 RTS1 19.44 7.82 7.27 3.74 1.61 3050.94 10 15
1 20160809 RTS1 14.85 7.37 6.75 4.92 1.66 4434.34 10 15
1 20160809 RTS1 14.85 7.37 6.75 4.92 1.66 4434.34 10 15
1 20160809 RTS1 14.85 7.37 6.75 4.92 1.66 4434.34 10 15
1 20160810 RTS1 15.03 7.64 7.17 5.26 1.18 5257.96 10 15
1 20160810 RTS1 15.03 7.64 7.17 5.26 1.18 5257.96 10 15
1 20160810 RTS1 15.03 7.64 7.17 5.26 1.18 5257.96 10 15
1 20160811 RTS1 14.8 7.64 6.93 5.05 1.52 4170.4 10 15
1 20160811 RTS1 14.8 7.64 6.93 5.05 1.52 4170.4 10 15
1 20160811 RTS1 14.8 7.64 6.93 5.05 1.52 4170.4 10 15
1 20160802 RTS10 24.6 6.36 5.58 2.65 2.19 48304.98 10 12
1 20160802 RTS10 24.6 6.36 5.58 2.65 2.19 48304.98 10 12
1 20160802 RTS10 24.6 6.36 5.58 2.65 2.19 48304.98 10 12
1 20160803 RTS10 26.2 5.84 4.97 3.63 1.84 40845.36 10 12
1 20160803 RTS10 26.2 5.84 4.97 3.63 1.84 40845.36 10 12
1 20160803 RTS10 26.2 5.84 4.97 3.63 1.84 40845.36 10 12
1 20160804 RTS10 19.06 5.94 5.01 3.66 1.88 39492.0 10 12
1 20160804 RTS10 19.06 5.94 5.01 3.66 1.88 39492.0 10 12
1 20160804 RTS10 19.06 5.94 5.01 3.66 1.88 39492.0 10 12
1 20160805 RTS10 28.13 5.95 5.02 2.87 2.0 35701.42 10 12
1 20160805 RTS10 28.13 5.95 5.02 2.87 2.0 35701.42 10 12
1 20160805 RTS10 28.13 5.95 5.02 2.87 2.0 35701.42 10 12
1 20160806 RTS10 38.41 6.74 5.73 2.38 2.85 41886.88 10 12
1 20160806 RTS10 38.41 6.74 5.73 2.38 2.85 41886.88 10 12
1 20160806 RTS10 38.41 6.74 5.73 2.38 2.85 41886.88 10 12
1 20160807 RTS10 24.74 5.49 5.1 3.46 1.71 42868.02 10 12
1 20160807 RTS10 24.74 5.49 5.1 3.46 1.71 42868.02 10 12
1 20160807 RTS10 24.74 5.49 5.1 3.46 1.71 42868.02 10 12
1 20160808 RTS10 32.61 6.49 5.84 2.36 2.28 28363.81 10 12
1 20160808 RTS10 32.61 6.49 5.84 2.36 2.28 28363.81 10 12
1 20160808 RTS10 32.61 6.49 5.84 2.36 2.28 28363.81 10 12
1 20160809 RTS10 29.77 5.69 5.09 3.56 1.99 46780.55 10 12
1 20160809 RTS10 29.77 5.69 5.09 3.56 1.99 46780.55 10 12
1 20160809 RTS10 29.77 5.69 5.09 3.56 1.99 46780.55 10 12
1 20160810 RTS10 21.67 6.19 5.59 2.2 1.94 42196.7 10 12
1 20160810 RTS10 21.67 6.19 5.59 2.2 1.94 42196.7 10 12
1 20160810 RTS10 21.67 6.19 5.59 2.2 1.94 42196.7 10 12
1 20160811 RTS10 26.84 5.75 4.96 3.62 1.7 39182.53 10 12
1 20160811 RTS10 26.84 5.75 4.96 3.62 1.7 39182.53 10 12
1 20160811 RTS10 26.84 5.75 4.96 3.62 1.7 39182.53 10 12
1 20160802 RTS13 18.2 3.96 4.0 1.11 1.12 183475.55 10 12
1 20160802 RTS13 18.2 3.96 4.0 1.11 1.12 183475.55 10 12
1 20160802 RTS13 18.2 3.96 4.0 1.11 1.12 183475.55 10 12
1 20160803 RTS13 15.68 3.82 3.2 1.32 1.13 152642.84 10 12
1 20160803 RTS13 15.68 3.82 3.2 1.32 1.13 152642.84 10 12
1 20160803 RTS13 15.68 3.82 3.2 1.32 1.13 152642.84 10 12
1 20160804 RTS13 17.7 3.77 3.2 1.06 1.15 148734.47 10 12
1 20160804 RTS13 17.7 3.77 3.2 1.06 1.15 148734.47 10 12
1 20160804 RTS13 17.7 3.77 3.2 1.06 1.15 148734.47 10 12
1 20160805 RTS13 14.21 3.73 3.14 1.8 1.17 140898.34 10 12
1 20160805 RTS13 14.21 3.73 3.14 1.8 1.17 140898.34 10 12
1 20160805 RTS13 14.21 3.73 3.14 1.8 1.17 140898.34 10 12
1 20160806 RTS13 15.55 4.1 3.46 0.9 1.17 136744.18 10 12
1 20160806 RTS13 15.55 4.1 3.46 0.9 1.17 136744.18 10 12
1 20160806 RTS13 15.55 4.1 3.46 0.9 1.17 136744.18 10 12
1 20160807 RTS13 13.09 3.7 3.08 1.26 1.12 132435.82 10 12
1 20160807 RTS13 13.09 3.7 3.08 1.26 1.12 132435.82 10 12
1 20160807 RTS13 13.09 3.7 3.08 1.26 1.12 132435.82 10 12
1 20160808 RTS13 14.78 4.25 3.6 0.94 1.21 107598.99 10 12
1 20160808 RTS13 14.78 4.25 3.6 0.94 1.21 107598.99 10 12
1 20160808 RTS13 14.78 4.25 3.6 0.94 1.21 107598.99 10 12
1 20160809 RTS13 14.45 3.81 3.17 1.82 1.15 145478.63 10 12
1 20160809 RTS13 14.45 3.81 3.17 1.82 1.15 145478.63 10 12
1 20160809 RTS13 14.45 3.81 3.17 1.82 1.15 145478.63 10 12
1 20160810 RTS13 15.95 4.1 3.49 0.89 1.17 156945.5 10 12
1 20160810 RTS13 15.95 4.1 3.49 0.89 1.17 156945.5 10 12
1 20160810 RTS13 15.95 4.1 3.49 0.89 1.17 156945.5 10 12
1 20160811 RTS13 14.61 3.81 3.18 1.82 1.13 142033.35 10 12
1 20160811 RTS13 14.61 3.81 3.18 1.82 1.13 142033.35 10 12
1 20160811 RTS13 14.61 3.81 3.18 1.82 1.13 142033.35 10 12
1 20160802 RTS14 14.95 6.46 6.3 4.61 0.98 8411.4 10 17
1 20160802 RTS14 14.95 6.46 6.3 4.61 0.98 8411.4 10 17
1 20160802 RTS14 14.95 6.46 6.3 4.61 0.98 8411.4 10 17
1 20160803 RTS14 11.25 6.25 6.1 4.45 1.02 7399.58 10 17
1 20160803 RTS14 11.25 6.25 6.1 4.45 1.02 7399.58 10 17
1 20160803 RTS14 11.25 6.25 6.1 4.45 1.02 7399.58 10 17
0 20160804 RTS14 11.55 6.3 6.11 4.46 0.95 7202.04 10 17
0 20160804 RTS14 11.55 6.3 6.11 4.46 0.95 7202.04 10 17
0 20160804 RTS14 11.55 6.3 6.11 4.46 0.95 7202.04 10 17
0 20160805 RTS14 16.15 6.3 6.11 4.45 0.99 6381.24 10 17
0 20160805 RTS14 16.15 6.3 6.11 4.45 0.99 6381.24 10 17
0 20160805 RTS14 16.15 6.3 6.11 4.45 0.99 6381.24 10 17
0 20160806 RTS14 11.76 6.74 6.54 4.79 1.0 5606.07 10 17
0 20160806 RTS14 11.76 6.74 6.54 4.79 1.0 5606.07 10 17
0 20160806 RTS14 11.76 6.74 6.54 4.79 1.0 5606.07 10 17
1 20160807 RTS14 13.28 6.38 6.14 4.47 1.1 5534.83 10 17
1 20160807 RTS14 13.28 6.38 6.14 4.47 1.1 5534.83 10 17
1 20160807 RTS14 13.28 6.38 6.14 4.47 1.1 5534.83 10 17
0 20160808 RTS14 11.73 7.05 6.82 3.96 1.12 3926.27 10 17
0 20160808 RTS14 11.73 7.05 6.82 3.96 1.12 3926.27 10 17
0 20160808 RTS14 11.73 7.05 6.82 3.96 1.12 3926.27 10 17
0 20160809 RTS14 13.83 6.33 6.12 4.46 0.97 6615.97 10 17
0 20160809 RTS14 13.83 6.33 6.12 4.46 0.97 6615.97 10 17
0 20160809 RTS14 13.83 6.33 6.12 4.46 0.97 6615.97 10 17
1 20160810 RTS14 13.67 6.88 6.6 4.84 1.1 6133.2 10 17
1 20160810 RTS14 13.67 6.88 6.6 4.84 1.1 6133.2 10 17
1 20160810 RTS14 13.67 6.88 6.6 4.84 1.1 6133.2 10 17
0 20160811 RTS14 10.39 6.4 6.2 4.52 1.0 6026.77 10 17
0 20160811 RTS14 10.39 6.4 6.2 4.52 1.0 6026.77 10 17
0 20160811 RTS14 10.39 6.4 6.2 4.52 1.0 6026.77 10 17
0 20160802 RTS19 26.51 7.79 7.79 3.1 1.83 6375.68 10 22
0 20160802 RTS19 26.51 7.79 7.79 3.1 1.83 6375.68 10 22
0 20160802 RTS19 26.51 7.79 7.79 3.1 1.83 6375.68 10 22
0 20160803 RTS19 18.34 7.75 7.56 5.52 1.73 4828.12 10 22
0 20160803 RTS19 18.34 7.75 7.56 5.52 1.73 4828.12 10 22
0 20160803 RTS19 18.34 7.75 7.56 5.52 1.73 4828.12 10 22
0 20160804 RTS19 18.21 7.69 7.51 5.48 1.66 4990.23 10 22
0 20160804 RTS19 18.21 7.69 7.51 5.48 1.66 4990.23 10 22
0 20160804 RTS19 18.21 7.69 7.51 5.48 1.66 4990.23 10 22
0 20160805 RTS19 21.66 7.65 7.25 5.28 1.78 4887.09 10 22
0 20160805 RTS19 21.66 7.65 7.25 5.28 1.78 4887.09 10 22
0 20160805 RTS19 21.66 7.65 7.25 5.28 1.78 4887.09 10 22
0 20160806 RTS19 18.91 8.07 7.87 3.22 1.91 4420.1 10 22
0 20160806 RTS19 18.91 8.07 7.87 3.22 1.91 4420.1 10 22
0 20160806 RTS19 18.91 8.07 7.87 3.22 1.91 4420.1 10 22
0 20160807 RTS19 15.62 7.68 7.66 5.57 1.53 2910.4 10 22
0 20160807 RTS19 15.62 7.68 7.66 5.57 1.53 2910.4 10 22
0 20160807 RTS19 15.62 7.68 7.66 5.57 1.53 2910.4 10 22
0 20160808 RTS19 16.5 7.99 7.82 5.75 1.7 2938.55 10 22
0 20160808 RTS19 16.5 7.99 7.82 5.75 1.7 2938.55 10 22
0 20160808 RTS19 16.5 7.99 7.82 5.75 1.7 2938.55 10 22
0 20160809 RTS19 20.13 7.55 7.47 5.45 1.41 3992.76 10 22
0 20160809 RTS19 20.13 7.55 7.47 5.45 1.41 3992.76 10 22
0 20160809 RTS19 20.13 7.55 7.47 5.45 1.41 3992.76 10 22
0 20160810 RTS19 20.53 7.92 7.8 3.25 1.74 4915.94 10 22
0 20160810 RTS19 20.53 7.92 7.8 3.25 1.74 4915.94 10 22
0 20160810 RTS19 20.53 7.92 7.8 3.25 1.74 4915.94 10 22
1 20160811 RTS19 19.27 7.74 7.56 5.52 1.54 3708.16 10 22
1 20160811 RTS19 19.27 7.74 7.56 5.52 1.54 3708.16 10 22
1 20160811 RTS19 19.27 7.74 7.56 5.52 1.54 3708.16 10 22
1 20160802 RTS2 13.03 7.03 6.79 4.97 1.09 5637.02 10 16
1 20160802 RTS2 13.03 7.03 6.79 4.97 1.09 5637.02 10 16
1 20160802 RTS2 13.03 7.03 6.79 4.97 1.09 5637.02 10 16
1 20160803 RTS2 12.18 6.71 6.53 4.77 1.1 5054.83 10 16
1 20160803 RTS2 12.18 6.71 6.53 4.77 1.1 5054.83 10 16
1 20160803 RTS2 12.18 6.71 6.53 4.77 1.1 5054.83 10 16
1 20160804 RTS2 11.33 6.55 6.29 4.59 1.12 6311.68 10 16
1 20160804 RTS2 11.33 6.55 6.29 4.59 1.12 6311.68 10 16
1 20160804 RTS2 11.33 6.55 6.29 4.59 1.12 6311.68 10 16
0 20160805 RTS2 15.48 6.71 6.5 4.74 1.13 4441.56 10 16
0 20160805 RTS2 15.48 6.71 6.5 4.74 1.13 4441.56 10 16
0 20160805 RTS2 15.48 6.71 6.5 4.74 1.13 4441.56 10 16
0 20160806 RTS2 13.11 7.31 6.97 5.11 1.14 4042.03 10 16
0 20160806 RTS2 13.11 7.31 6.97 5.11 1.14 4042.03 10 16
0 20160806 RTS2 13.11 7.31 6.97 5.11 1.14 4042.03 10 16
0 20160807 RTS2 13.66 6.83 6.4 4.66 1.03 4560.71 10 16
0 20160807 RTS2 13.66 6.83 6.4 4.66 1.03 4560.71 10 16
0 20160807 RTS2 13.66 6.83 6.4 4.66 1.03 4560.71 10 16
1 20160808 RTS2 11.34 7.53 7.03 5.17 1.12 4057.11 10 16
1 20160808 RTS2 11.34 7.53 7.03 5.17 1.12 4057.11 10 16
1 20160808 RTS2 11.34 7.53 7.03 5.17 1.12 4057.11 10 16
0 20160809 RTS2 11.31 6.99 6.6 4.81 1.04 4812.89 10 16
0 20160809 RTS2 11.31 6.99 6.6 4.81 1.04 4812.89 10 16
0 20160809 RTS2 11.31 6.99 6.6 4.81 1.04 4812.89 10 16
0 20160810 RTS2 11.63 7.51 7.22 5.3 1.06 4040.75 10 16
0 20160810 RTS2 11.63 7.51 7.22 5.3 1.06 4040.75 10 16
0 20160810 RTS2 11.63 7.51 7.22 5.3 1.06 4040.75 10 16
0 20160811 RTS2 10.68 7.18 6.96 5.08 0.96 3922.04 10 16
0 20160811 RTS2 10.68 7.18 6.96 5.08 0.96 3922.04 10 16
0 20160811 RTS2 10.68 7.18 6.96 5.08 0.96 3922.04 10 16
1 20160802 RTS21 23.29 4.89 4.87 1.26 1.16 32007.11 13 12
1 20160802 RTS21 23.29 4.89 4.87 1.26 1.16 32007.11 13 12
1 20160802 RTS21 23.29 4.89 4.87 1.26 1.16 32007.11 13 12
1 20160803 RTS21 14.24 4.91 4.83 1.24 1.06 24680.14 13 12
1 20160803 RTS21 14.24 4.91 4.83 1.24 1.06 24680.14 13 12
1 20160803 RTS21 14.24 4.91 4.83 1.24 1.06 24680.14 13 12
1 20160804 RTS21 23.0 4.88 4.78 1.22 1.18 25757.92 13 12
1 20160804 RTS21 23.0 4.88 4.78 1.22 1.18 25757.92 13 12
1 20160804 RTS21 23.0 4.88 4.78 1.22 1.18 25757.92 13 12
1 20160805 RTS21 16.99 4.91 4.78 1.96 1.09 23017.49 13 12
1 20160805 RTS21 16.99 4.91 4.78 1.96 1.09 23017.49 13 12
1 20160805 RTS21 16.99 4.91 4.78 1.96 1.09 23017.49 13 12
1 20160806 RTS21 13.49 4.79 4.94 1.28 1.33 23900.66 13 12
1 20160806 RTS21 13.49 4.79 4.94 1.28 1.33 23900.66 13 12
1 20160806 RTS21 13.49 4.79 4.94 1.28 1.33 23900.66 13 12
1 20160807 RTS21 13.33 4.91 4.83 1.98 1.05 19228.31 13 12
1 20160807 RTS21 13.33 4.91 4.83 1.98 1.05 19228.31 13 12
1 20160807 RTS21 13.33 4.91 4.83 1.98 1.05 19228.31 13 12
1 20160808 RTS21 15.85 4.7 4.88 1.27 1.28 22478.22 13 12
1 20160808 RTS21 15.85 4.7 4.88 1.27 1.28 22478.22 13 12
1 20160808 RTS21 15.85 4.7 4.88 1.27 1.28 22478.22 13 12
1 20160809 RTS21 22.42 4.67 4.66 1.91 1.08 25882.23 13 12
1 20160809 RTS21 22.42 4.67 4.66 1.91 1.08 25882.23 13 12
1 20160809 RTS21 22.42 4.67 4.66 1.91 1.08 25882.23 13 12
1 20160810 RTS21 22.48 4.84 4.76 1.24 1.42 33647.53 13 12
1 20160810 RTS21 22.48 4.84 4.76 1.24 1.42 33647.53 13 12
1 20160810 RTS21 22.48 4.84 4.76 1.24 1.42 33647.53 13 12
1 20160811 RTS21 21.81 5.0 4.86 2.79 1.21 22229.51 13 12
1 20160811 RTS21 21.81 5.0 4.86 2.79 1.21 22229.51 13 12
1 20160811 RTS21 21.81 5.0 4.86 2.79 1.21 22229.51 13 12
1 20160802 RTS24 17.11 5.64 5.26 2.18 1.09 39616.41 10 17
1 20160802 RTS24 17.11 5.64 5.26 2.18 1.09 39616.41 10 17
1 20160802 RTS24 17.11 5.64 5.26 2.18 1.09 39616.41 10 17
1 20160803 RTS24 14.55 5.49 5.18 2.14 1.0 34622.16 10 17
1 20160803 RTS24 14.55 5.49 5.18 2.14 1.0 34622.16 10 17
1 20160803 RTS24 14.55 5.49 5.18 2.14 1.0 34622.16 10 17
1 20160804 RTS24 14.71 5.53 5.19 2.98 1.02 34064.89 10 17
1 20160804 RTS24 14.71 5.53 5.19 2.98 1.02 34064.89 10 17
1 20160804 RTS24 14.71 5.53 5.19 2.98 1.02 34064.89 10 17
1 20160805 RTS24 14.82 5.37 4.98 3.63 1.07 32586.61 10 17
1 20160805 RTS24 14.82 5.37 4.98 3.63 1.07 32586.61 10 17
1 20160805 RTS24 14.82 5.37 4.98 3.63 1.07 32586.61 10 17
0 20160806 RTS24 15.89 5.33 4.96 1.67 1.04 35273.91 10 17
0 20160806 RTS24 15.89 5.33 4.96 1.67 1.04 35273.91 10 17
0 20160806 RTS24 15.89 5.33 4.96 1.67 1.04 35273.91 10 17
1 20160807 RTS24 13.45 5.07 4.64 3.38 1.01 33314.36 10 17
1 20160807 RTS24 13.45 5.07 4.64 3.38 1.01 33314.36 10 17
1 20160807 RTS24 13.45 5.07 4.64 3.38 1.01 33314.36 10 17
1 20160808 RTS24 12.44 4.79 4.38 1.83 1.09 45300.56 10 17
1 20160808 RTS24 12.44 4.79 4.38 1.83 1.09 45300.56 10 17
1 20160808 RTS24 12.44 4.79 4.38 1.83 1.09 45300.56 10 17
1 20160809 RTS24 14.83 4.87 4.46 3.25 0.99 44970.07 10 17
1 20160809 RTS24 14.83 4.87 4.46 3.25 0.99 44970.07 10 17
1 20160809 RTS24 14.83 4.87 4.46 3.25 0.99 44970.07 10 17
0 20160810 RTS24 16.42 4.37 4.0 1.67 1.04 81047.98 10 17
0 20160810 RTS24 16.42 4.37 4.0 1.67 1.04 81047.98 10 17
0 20160810 RTS24 16.42 4.37 4.0 1.67 1.04 81047.98 10 17
1 20160811 RTS24 14.59 4.81 4.41 3.22 1.04 48130.02 10 17
1 20160811 RTS24 14.59 4.81 4.41 3.22 1.04 48130.02 10 17
1 20160811 RTS24 14.59 4.81 4.41 3.22 1.04 48130.02 10 17
1 20160802 RTS25 29.0 7.28 5.81 1.62 3.95 89876.14 10 12
1 20160802 RTS25 29.0 7.28 5.81 1.62 3.95 89876.14 10 12
1 20160802 RTS25 29.0 7.28 5.81 1.62 3.95 89876.14 10 12
1 20160803 RTS25 26.55 7.32 5.65 3.37 3.71 92776.89 10 12
1 20160803 RTS25 26.55 7.32 5.65 3.37 3.71 92776.89 10 12
1 20160803 RTS25 26.55 7.32 5.65 3.37 3.71 92776.89 10 12
1 20160804 RTS25 31.94 7.52 5.93 1.89 3.87 97439.26 10 12
1 20160804 RTS25 31.94 7.52 5.93 1.89 3.87 97439.26 10 12
1 20160804 RTS25 31.94 7.52 5.93 1.89 3.87 97439.26 10 12
1 20160805 RTS25 31.37 7.6 6.29 2.56 3.63 125189.09 10 12
1 20160805 RTS25 31.37 7.6 6.29 2.56 3.63 125189.09 10 12
1 20160805 RTS25 31.37 7.6 6.29 2.56 3.63 125189.09 10 12
1 20160806 RTS25 30.53 7.78 8.01 1.61 3.2 193847.89 10 12
1 20160806 RTS25 30.53 7.78 8.01 1.61 3.2 193847.89 10 12
1 20160806 RTS25 30.53 7.78 8.01 1.61 3.2 193847.89 10 12
1 20160807 RTS25 31.82 7.31 7.08 2.44 3.3 140922.68 10 12
1 20160807 RTS25 31.82 7.31 7.08 2.44 3.3 140922.68 10 12
1 20160807 RTS25 31.82 7.31 7.08 2.44 3.3 140922.68 10 12
1 20160808 RTS25 25.35 7.49 7.63 1.21 2.57 174576.52 10 12
1 20160808 RTS25 25.35 7.49 7.63 1.21 2.57 174576.52 10 12
1 20160808 RTS25 25.35 7.49 7.63 1.21 2.57 174576.52 10 12
1 20160809 RTS25 25.79 7.02 6.88 2.4 2.81 169152.01 10 12
1 20160809 RTS25 25.79 7.02 6.88 2.4 2.81 169152.01 10 12
1 20160809 RTS25 25.79 7.02 6.88 2.4 2.81 169152.01 10 12
1 20160810 RTS25 27.07 7.36 7.52 1.72 2.65 214442.37 10 12
1 20160810 RTS25 27.07 7.36 7.52 1.72 2.65 214442.37 10 12
1 20160810 RTS25 27.07 7.36 7.52 1.72 2.65 214442.37 10 12
1 20160811 RTS25 26.41 7.16 7.18 3.16 2.93 145092.34 10 12
1 20160811 RTS25 26.41 7.16 7.18 3.16 2.93 145092.34 10 12
1 20160811 RTS25 26.41 7.16 7.18 3.16 2.93 145092.34 10 12
1 20160802 RTS27 15.11 3.78 3.2 1.07 1.42 165024.74 10 12
1 20160802 RTS27 15.11 3.78 3.2 1.07 1.42 165024.74 10 12
1 20160802 RTS27 15.11 3.78 3.2 1.07 1.42 165024.74 10 12
1 20160803 RTS27 13.78 3.63 3.09 1.03 1.33 133527.03 10 12
1 20160803 RTS27 13.78 3.63 3.09 1.03 1.33 133527.03 10 12
1 20160803 RTS27 13.78 3.63 3.09 1.03 1.33 133527.03 10 12
1 20160804 RTS27 14.36 3.63 3.07 1.27 1.4 135963.3 10 12
1 20160804 RTS27 14.36 3.63 3.07 1.27 1.4 135963.3 10 12
1 20160804 RTS27 14.36 3.63 3.07 1.27 1.4 135963.3 10 12
1 20160805 RTS27 13.8 3.52 3.03 1.74 1.29 122538.57 10 12
1 20160805 RTS27 13.8 3.52 3.03 1.74 1.29 122538.57 10 12
1 20160805 RTS27 13.8 3.52 3.03 1.74 1.29 122538.57 10 12
1 20160806 RTS27 13.73 3.97 3.15 0.82 1.69 152783.87 10 12
1 20160806 RTS27 13.73 3.97 3.15 0.82 1.69 152783.87 10 12
1 20160806 RTS27 13.73 3.97 3.15 0.82 1.69 152783.87 10 12
1 20160807 RTS27 14.43 3.65 3.02 1.72 1.47 118679.95 10 12
1 20160807 RTS27 14.43 3.65 3.02 1.72 1.47 118679.95 10 12
1 20160807 RTS27 14.43 3.65 3.02 1.72 1.47 118679.95 10 12
1 20160808 RTS27 14.12 3.94 3.33 0.87 1.45 109947.58 10 12
1 20160808 RTS27 14.12 3.94 3.33 0.87 1.45 109947.58 10 12
1 20160808 RTS27 14.12 3.94 3.33 0.87 1.45 109947.58 10 12
1 20160809 RTS27 15.29 3.54 3.01 1.72 1.36 131278.85 10 12
1 20160809 RTS27 15.29 3.54 3.01 1.72 1.36 131278.85 10 12
1 20160809 RTS27 15.29 3.54 3.01 1.72 1.36 131278.85 10 12
1 20160810 RTS27 15.15 3.76 3.22 0.84 1.39 147661.16 10 12
1 20160810 RTS27 15.15 3.76 3.22 0.84 1.39 147661.16 10 12
1 20160810 RTS27 15.15 3.76 3.22 0.84 1.39 147661.16 10 12
1 20160811 RTS27 14.01 3.47 3.0 1.72 1.28 128853.28 10 12
1 20160811 RTS27 14.01 3.47 3.0 1.72 1.28 128853.28 10 12
1 20160811 RTS27 14.01 3.47 3.0 1.72 1.28 128853.28 10 12
1 20160802 RTS28 43.65 3.51 3.12 1.05 1.25 176346.24 10 12
1 20160802 RTS28 43.65 3.51 3.12 1.05 1.25 176346.24 10 12
1 20160802 RTS28 43.65 3.51 3.12 1.05 1.25 176346.24 10 12
1 20160803 RTS28 43.34 3.35 2.98 0.99 1.22 145236.33 10 12
1 20160803 RTS28 43.34 3.35 2.98 0.99 1.22 145236.33 10 12
1 20160803 RTS28 43.34 3.35 2.98 0.99 1.22 145236.33 10 12
1 20160804 RTS28 37.11 3.35 3.0 1.0 1.11 140026.76 10 12
1 20160804 RTS28 37.11 3.35 3.0 1.0 1.11 140026.76 10 12
1 20160804 RTS28 37.11 3.35 3.0 1.0 1.11 140026.76 10 12
0 20160805 RTS28 34.06 3.28 2.93 1.2 1.07 135065.63 10 12
0 20160805 RTS28 34.06 3.28 2.93 1.2 1.07 135065.63 10 12
0 20160805 RTS28 34.06 3.28 2.93 1.2 1.07 135065.63 10 12
0 20160806 RTS28 29.92 3.71 3.34 0.86 1.13 122904.47 10 12
0 20160806 RTS28 29.92 3.71 3.34 0.86 1.13 122904.47 10 12
0 20160806 RTS28 29.92 3.71 3.34 0.86 1.13 122904.47 10 12
1 20160807 RTS28 29.99 3.47 3.06 1.75 1.15 114233.48 10 12
1 20160807 RTS28 29.99 3.47 3.06 1.75 1.15 114233.48 10 12
1 20160807 RTS28 29.99 3.47 3.06 1.75 1.15 114233.48 10 12
0 20160808 RTS28 26.25 3.81 3.44 1.16 1.08 101056.62 10 12
0 20160808 RTS28 26.25 3.81 3.44 1.16 1.08 101056.62 10 12
0 20160808 RTS28 26.25 3.81 3.44 1.16 1.08 101056.62 10 12
0 20160809 RTS28 32.55 3.3 2.96 1.21 1.09 135827.46 10 12
0 20160809 RTS28 32.55 3.3 2.96 1.21 1.09 135827.46 10 12
0 20160809 RTS28 32.55 3.3 2.96 1.21 1.09 135827.46 10 12
0 20160810 RTS28 29.18 3.57 3.22 0.84 1.13 148865.59 10 12
0 20160810 RTS28 29.18 3.57 3.22 0.84 1.13 148865.59 10 12
0 20160810 RTS28 29.18 3.57 3.22 0.84 1.13 148865.59 10 12
1 20160811 RTS28 30.45 3.3 2.94 1.21 1.1 138778.72 10 12
1 20160811 RTS28 30.45 3.3 2.94 1.21 1.1 138778.72 10 12
1 20160811 RTS28 30.45 3.3 2.94 1.21 1.1 138778.72 10 12
1 20160802 RTS31 24.89 5.2 4.48 1.16 2.47 62448.72 10 12
1 20160802 RTS31 24.89 5.2 4.48 1.16 2.47 62448.72 10 12
1 20160802 RTS31 24.89 5.2 4.48 1.16 2.47 62448.72 10 12
1 20160803 RTS31 23.66 5.13 4.43 1.13 2.39 48107.98 10 12
1 20160803 RTS31 23.66 5.13 4.43 1.13 2.39 48107.98 10 12
1 20160803 RTS31 23.66 5.13 4.43 1.13 2.39 48107.98 10 12
1 20160804 RTS31 24.82 5.05 4.47 1.14 1.95 44861.98 10 12
1 20160804 RTS31 24.82 5.05 4.47 1.14 1.95 44861.98 10 12
1 20160804 RTS31 24.82 5.05 4.47 1.14 1.95 44861.98 10 12
1 20160805 RTS31 22.98 4.98 4.42 1.81 1.78 42808.66 10 12
1 20160805 RTS31 22.98 4.98 4.42 1.81 1.78 42808.66 10 12
1 20160805 RTS31 22.98 4.98 4.42 1.81 1.78 42808.66 10 12
1 20160806 RTS31 21.24 4.9 4.53 1.17 1.69 45728.13 10 12
1 20160806 RTS31 21.24 4.9 4.53 1.17 1.69 45728.13 10 12
1 20160806 RTS31 21.24 4.9 4.53 1.17 1.69 45728.13 10 12
1 20160807 RTS31 22.01 4.81 4.32 2.47 1.56 40742.36 10 12
1 20160807 RTS31 22.01 4.81 4.32 2.47 1.56 40742.36 10 12
1 20160807 RTS31 22.01 4.81 4.32 2.47 1.56 40742.36 10 12
1 20160808 RTS31 24.06 4.91 4.5 1.17 1.6 41458.98 10 12
1 20160808 RTS31 24.06 4.91 4.5 1.17 1.6 41458.98 10 12
1 20160808 RTS31 24.06 4.91 4.5 1.17 1.6 41458.98 10 12
1 20160809 RTS31 24.19 4.93 4.46 1.83 1.54 41768.63 10 12
1 20160809 RTS31 24.19 4.93 4.46 1.83 1.54 41768.63 10 12
1 20160809 RTS31 24.19 4.93 4.46 1.83 1.54 41768.63 10 12
1 20160810 RTS31 23.1 5.04 4.62 1.2 1.6 48293.87 10 12
1 20160810 RTS31 23.1 5.04 4.62 1.2 1.6 48293.87 10 12
1 20160810 RTS31 23.1 5.04 4.62 1.2 1.6 48293.87 10 12
1 20160811 RTS31 21.91 4.86 4.4 2.52 1.67 43650.29 10 12
1 20160811 RTS31 21.91 4.86 4.4 2.52 1.67 43650.29 10 12
1 20160811 RTS31 21.91 4.86 4.4 2.52 1.67 43650.29 10 12
1 20160802 RTS32 25.64 5.92 5.64 1.62 2.05 68719.3 10 22
1 20160802 RTS32 25.64 5.92 5.64 1.62 2.05 68719.3 10 22
1 20160802 RTS32 25.64 5.92 5.64 1.62 2.05 68719.3 10 22
1 20160803 RTS32 21.17 5.76 5.05 2.73 1.92 65267.79 10 22
1 20160803 RTS32 21.17 5.76 5.05 2.73 1.92 65267.79 10 22
1 20160803 RTS32 21.17 5.76 5.05 2.73 1.92 65267.79 10 22
1 20160804 RTS32 29.14 5.77 4.92 2.75 1.97 65905.3 10 22
1 20160804 RTS32 29.14 5.77 4.92 2.75 1.97 65905.3 10 22
1 20160804 RTS32 29.14 5.77 4.92 2.75 1.97 65905.3 10 22
1 20160805 RTS32 21.84 5.58 4.68 3.21 1.96 81822.55 10 22
1 20160805 RTS32 21.84 5.58 4.68 3.21 1.96 81822.55 10 22
1 20160805 RTS32 21.84 5.58 4.68 3.21 1.96 81822.55 10 22
1 20160806 RTS32 24.84 5.25 4.82 1.61 1.79 119683.62 10 22
1 20160806 RTS32 24.84 5.25 4.82 1.61 1.79 119683.62 10 22
1 20160806 RTS32 24.84 5.25 4.82 1.61 1.79 119683.62 10 22
1 20160807 RTS32 19.19 5.12 4.65 2.96 1.67 84993.22 10 22
1 20160807 RTS32 19.19 5.12 4.65 2.96 1.67 84993.22 10 22
1 20160807 RTS32 19.19 5.12 4.65 2.96 1.67 84993.22 10 22
1 20160808 RTS32 19.16 4.66 3.82 2.12 1.51 101919.32 10 22
1 20160808 RTS32 19.16 4.66 3.82 2.12 1.51 101919.32 10 22
1 20160808 RTS32 19.16 4.66 3.82 2.12 1.51 101919.32 10 22
1 20160809 RTS32 16.08 4.92 4.73 2.87 1.55 97083.89 10 22
1 20160809 RTS32 16.08 4.92 4.73 2.87 1.55 97083.89 10 22
1 20160809 RTS32 16.08 4.92 4.73 2.87 1.55 97083.89 10 22
1 20160810 RTS32 19.91 4.79 4.37 1.62 1.57 123499.1 10 22
1 20160810 RTS32 19.91 4.79 4.37 1.62 1.57 123499.1 10 22
1 20160810 RTS32 19.91 4.79 4.37 1.62 1.57 123499.1 10 22
1 20160811 RTS32 16.3 4.98 4.62 2.36 1.59 88909.12 10 22
1 20160811 RTS32 16.3 4.98 4.62 2.36 1.59 88909.12 10 22
1 20160811 RTS32 16.3 4.98 4.62 2.36 1.59 88909.12 10 22
1 20160802 RTS35 22.06 4.77 4.16 1.07 1.24 96407.46 10 21
1 20160802 RTS35 22.06 4.77 4.16 1.07 1.24 96407.46 10 21
1 20160802 RTS35 22.06 4.77 4.16 1.07 1.24 96407.46 10 21
1 20160803 RTS35 20.39 4.58 3.98 2.29 1.21 83162.9 10 21
1 20160803 RTS35 20.39 4.58 3.98 2.29 1.21 83162.9 10 21
1 20160803 RTS35 20.39 4.58 3.98 2.29 1.21 83162.9 10 21
1 20160804 RTS35 15.16 4.59 3.98 1.32 1.23 81807.49 10 21
1 20160804 RTS35 15.16 4.59 3.98 1.32 1.23 81807.49 10 21
1 20160804 RTS35 15.16 4.59 3.98 1.32 1.23 81807.49 10 21
1 20160805 RTS35 20.12 4.43 3.85 2.2 1.31 80795.2 10 21
1 20160805 RTS35 20.12 4.43 3.85 2.2 1.31 80795.2 10 21
1 20160805 RTS35 20.12 4.43 3.85 2.2 1.31 80795.2 10 21
1 20160806 RTS35 22.65 4.75 4.13 1.72 1.38 78769.51 10 21
1 20160806 RTS35 22.65 4.75 4.13 1.72 1.38 78769.51 10 21
1 20160806 RTS35 22.65 4.75 4.13 1.72 1.38 78769.51 10 21
1 20160807 RTS35 20.48 4.44 3.85 2.8 1.31 70712.87 10 21
1 20160807 RTS35 20.48 4.44 3.85 2.8 1.31 70712.87 10 21
1 20160807 RTS35 20.48 4.44 3.85 2.8 1.31 70712.87 10 21
0 20160808 RTS35 17.46 4.95 4.34 1.47 1.29 60688.73 10 21
0 20160808 RTS35 17.46 4.95 4.34 1.47 1.29 60688.73 10 21
0 20160808 RTS35 17.46 4.95 4.34 1.47 1.29 60688.73 10 21
0 20160809 RTS35 22.05 4.55 3.97 2.89 1.19 77757.08 10 21
0 20160809 RTS35 22.05 4.55 3.97 2.89 1.19 77757.08 10 21
0 20160809 RTS35 22.05 4.55 3.97 2.89 1.19 77757.08 10 21
0 20160810 RTS35 16.87 4.76 4.2 1.42 1.21 81296.91 10 21
0 20160810 RTS35 16.87 4.76 4.2 1.42 1.21 81296.91 10 21
0 20160810 RTS35 16.87 4.76 4.2 1.42 1.21 81296.91 10 21
0 20160811 RTS35 14.32 4.49 3.91 2.24 1.16 80209.51 10 21
0 20160811 RTS35 14.32 4.49 3.91 2.24 1.16 80209.51 10 21
0 20160811 RTS35 14.32 4.49 3.91 2.24 1.16 80209.51 10 21
1 20160802 RTS36 17.82 5.86 5.59 2.32 1.15 17481.63 10 12
1 20160802 RTS36 17.82 5.86 5.59 2.32 1.15 17481.63 10 12
1 20160802 RTS36 17.82 5.86 5.59 2.32 1.15 17481.63 10 12
1 20160803 RTS36 16.19 5.72 5.54 4.04 1.14 13270.45 10 12
1 20160803 RTS36 16.19 5.72 5.54 4.04 1.14 13270.45 10 12
1 20160803 RTS36 16.19 5.72 5.54 4.04 1.14 13270.45 10 12
1 20160804 RTS36 13.94 5.74 5.55 4.05 1.15 13108.48 10 12
1 20160804 RTS36 13.94 5.74 5.55 4.05 1.15 13108.48 10 12
1 20160804 RTS36 13.94 5.74 5.55 4.05 1.15 13108.48 10 12
1 20160805 RTS36 12.57 5.78 5.54 4.04 1.09 11929.51 10 12
1 20160805 RTS36 12.57 5.78 5.54 4.04 1.09 11929.51 10 12
1 20160805 RTS36 12.57 5.78 5.54 4.04 1.09 11929.51 10 12
1 20160806 RTS36 18.22 6.23 5.97 2.48 1.32 10348.01 10 12
1 20160806 RTS36 18.22 6.23 5.97 2.48 1.32 10348.01 10 12
1 20160806 RTS36 18.22 6.23 5.97 2.48 1.32 10348.01 10 12
1 20160807 RTS36 15.41 5.8 5.58 4.06 1.08 9963.97 10 12
1 20160807 RTS36 15.41 5.8 5.58 4.06 1.08 9963.97 10 12
1 20160807 RTS36 15.41 5.8 5.58 4.06 1.08 9963.97 10 12
1 20160808 RTS36 24.58 6.57 6.24 2.61 1.52 7475.78 10 12
1 20160808 RTS36 24.58 6.57 6.24 2.61 1.52 7475.78 10 12
1 20160808 RTS36 24.58 6.57 6.24 2.61 1.52 7475.78 10 12
1 20160809 RTS36 27.36 5.76 5.52 4.03 1.31 12439.7 10 12
1 20160809 RTS36 27.36 5.76 5.52 4.03 1.31 12439.7 10 12
1 20160809 RTS36 27.36 5.76 5.52 4.03 1.31 12439.7 10 12
1 20160810 RTS36 14.9 6.12 5.87 2.45 1.18 12662.73 10 12
1 20160810 RTS36 14.9 6.12 5.87 2.45 1.18 12662.73 10 12
1 20160810 RTS36 14.9 6.12 5.87 2.45 1.18 12662.73 10 12
1 20160811 RTS36 17.58 5.77 5.52 4.02 1.1 12411.32 10 12
1 20160811 RTS36 17.58 5.77 5.52 4.02 1.1 12411.32 10 12
1 20160811 RTS36 17.58 5.77 5.52 4.02 1.1 12411.32 10 12
1 20160802 RTS37 13.8 4.71 4.32 1.11 0.98 65300.08 10 12
1 20160802 RTS37 13.8 4.71 4.32 1.11 0.98 65300.08 10 12
1 20160802 RTS37 13.8 4.71 4.32 1.11 0.98 65300.08 10 12
1 20160803 RTS37 13.67 4.54 4.16 1.72 0.93 53928.55 10 12
1 20160803 RTS37 13.67 4.54 4.16 1.72 0.93 53928.55 10 12
1 20160803 RTS37 13.67 4.54 4.16 1.72 0.93 53928.55 10 12
1 20160804 RTS37 13.87 4.51 4.16 1.72 0.91 52026.9 10 12
1 20160804 RTS37 13.87 4.51 4.16 1.72 0.91 52026.9 10 12
1 20160804 RTS37 13.87 4.51 4.16 1.72 0.91 52026.9 10 12
1 20160805 RTS37 12.61 4.41 4.07 2.33 0.9 50385.95 10 12
1 20160805 RTS37 12.61 4.41 4.07 2.33 0.9 50385.95 10 12
1 20160805 RTS37 12.61 4.41 4.07 2.33 0.9 50385.95 10 12
1 20160806 RTS37 15.87 4.59 4.24 1.1 0.95 54900.48 10 12
1 20160806 RTS37 15.87 4.59 4.24 1.1 0.95 54900.48 10 12
1 20160806 RTS37 15.87 4.59 4.24 1.1 0.95 54900.48 10 12
1 20160807 RTS37 14.75 4.32 4.0 2.91 0.95 47454.23 10 12
1 20160807 RTS37 14.75 4.32 4.0 2.91 0.95 47454.23 10 12
1 20160807 RTS37 14.75 4.32 4.0 2.91 0.95 47454.23 10 12
1 20160808 RTS37 13.47 4.45 4.14 1.08 0.93 54510.71 10 12
1 20160808 RTS37 13.47 4.45 4.14 1.08 0.93 54510.71 10 12
1 20160808 RTS37 13.47 4.45 4.14 1.08 0.93 54510.71 10 12
1 20160809 RTS37 13.59 4.26 3.97 2.27 0.94 55508.82 10 12
1 20160809 RTS37 13.59 4.26 3.97 2.27 0.94 55508.82 10 12
1 20160809 RTS37 13.59 4.26 3.97 2.27 0.94 55508.82 10 12
1 20160810 RTS37 11.39 4.71 4.34 1.13 0.96 58697.86 10 12
1 20160810 RTS37 11.39 4.71 4.34 1.13 0.96 58697.86 10 12
1 20160810 RTS37 11.39 4.71 4.34 1.13 0.96 58697.86 10 12
1 20160811 RTS37 13.54 4.38 4.02 2.3 0.94 54295.62 10 12
1 20160811 RTS37 13.54 4.38 4.02 2.3 0.94 54295.62 10 12
1 20160811 RTS37 13.54 4.38 4.02 2.3 0.94 54295.62 10 12
0 20160802 RTS4 21.32 5.36 4.78 1.98 1.36 57096.36 10 22
0 20160802 RTS4 21.32 5.36 4.78 1.98 1.36 57096.36 10 22
0 20160802 RTS4 21.32 5.36 4.78 1.98 1.36 57096.36 10 22
1 20160803 RTS4 25.4 5.24 5.05 2.68 1.32 55704.0 10 22
1 20160803 RTS4 25.4 5.24 5.05 2.68 1.32 55704.0 10 22
1 20160803 RTS4 25.4 5.24 5.05 2.68 1.32 55704.0 10 22
1 20160804 RTS4 22.42 5.16 4.92 2.68 1.31 57331.23 10 22
1 20160804 RTS4 22.42 5.16 4.92 2.68 1.31 57331.23 10 22
1 20160804 RTS4 22.42 5.16 4.92 2.68 1.31 57331.23 10 22
1 20160805 RTS4 21.7 4.86 4.4 2.63 1.19 65972.77 10 22
1 20160805 RTS4 21.7 4.86 4.4 2.63 1.19 65972.77 10 22
1 20160805 RTS4 21.7 4.86 4.4 2.63 1.19 65972.77 10 22
1 20160806 RTS4 27.19 4.75 4.17 1.67 1.59 97999.02 10 22
1 20160806 RTS4 27.19 4.75 4.17 1.67 1.59 97999.02 10 22
1 20160806 RTS4 27.19 4.75 4.17 1.67 1.59 97999.02 10 22
1 20160807 RTS4 29.03 4.71 4.35 2.48 1.61 78144.41 10 22
1 20160807 RTS4 29.03 4.71 4.35 2.48 1.61 78144.41 10 22
1 20160807 RTS4 29.03 4.71 4.35 2.48 1.61 78144.41 10 22
1 20160808 RTS4 26.71 4.51 3.82 2.26 1.57 93659.34 10 22
1 20160808 RTS4 26.71 4.51 3.82 2.26 1.57 93659.34 10 22
1 20160808 RTS4 26.71 4.51 3.82 2.26 1.57 93659.34 10 22
1 20160809 RTS4 26.71 4.65 3.94 2.87 1.58 94547.24 10 22
1 20160809 RTS4 26.71 4.65 3.94 2.87 1.58 94547.24 10 22
1 20160809 RTS4 26.71 4.65 3.94 2.87 1.58 94547.24 10 22
1 20160810 RTS4 27.66 4.66 4.16 2.25 1.72 118176.45 10 22
1 20160810 RTS4 27.66 4.66 4.16 2.25 1.72 118176.45 10 22
1 20160810 RTS4 27.66 4.66 4.16 2.25 1.72 118176.45 10 22
1 20160811 RTS4 25.5 4.78 4.11 2.36 1.6 83386.69 10 22
1 20160811 RTS4 25.5 4.78 4.11 2.36 1.6 83386.69 10 22
1 20160811 RTS4 25.5 4.78 4.11 2.36 1.6 83386.69 10 22
1 20160802 RTS43 27.21 5.32 4.51 2.14 2.31 144384.86 10 12
1 20160802 RTS43 27.21 5.32 4.51 2.14 2.31 144384.86 10 12
1 20160802 RTS43 27.21 5.32 4.51 2.14 2.31 144384.86 10 12
1 20160803 RTS43 29.53 5.01 4.1 1.5 2.3 123591.26 10 12
1 20160803 RTS43 29.53 5.01 4.1 1.5 2.3 123591.26 10 12
1 20160803 RTS43 29.53 5.01 4.1 1.5 2.3 123591.26 10 12
1 20160804 RTS43 27.28 5.21 4.55 2.17 2.28 114682.23 10 12
1 20160804 RTS43 27.28 5.21 4.55 2.17 2.28 114682.23 10 12
1 20160804 RTS43 27.28 5.21 4.55 2.17 2.28 114682.23 10 12
1 20160805 RTS43 27.22 5.27 4.38 2.2 2.29 95730.53 10 12
1 20160805 RTS43 27.22 5.27 4.38 2.2 2.29 95730.53 10 12
1 20160805 RTS43 27.22 5.27 4.38 2.2 2.29 95730.53 10 12
1 20160806 RTS43 25.99 5.75 5.09 3.21 2.25 83798.72 10 12
1 20160806 RTS43 25.99 5.75 5.09 3.21 2.25 83798.72 10 12
1 20160806 RTS43 25.99 5.75 5.09 3.21 2.25 83798.72 10 12
1 20160807 RTS43 27.94 5.38 4.73 2.34 2.14 78375.1 10 12
1 20160807 RTS43 27.94 5.38 4.73 2.34 2.14 78375.1 10 12
1 20160807 RTS43 27.94 5.38 4.73 2.34 2.14 78375.1 10 12
1 20160808 RTS43 30.24 5.98 5.43 2.62 2.37 64700.32 10 12
1 20160808 RTS43 30.24 5.98 5.43 2.62 2.37 64700.32 10 12
1 20160808 RTS43 30.24 5.98 5.43 2.62 2.37 64700.32 10 12
1 20160809 RTS43 30.94 5.09 4.27 2.14 2.13 110053.34 10 12
1 20160809 RTS43 30.94 5.09 4.27 2.14 2.13 110053.34 10 12
1 20160809 RTS43 30.94 5.09 4.27 2.14 2.13 110053.34 10 12
1 20160810 RTS43 23.99 5.14 4.63 2.83 1.99 144079.16 10 12
1 20160810 RTS43 23.99 5.14 4.63 2.83 1.99 144079.16 10 12
1 20160810 RTS43 23.99 5.14 4.63 2.83 1.99 144079.16 10 12
1 20160811 RTS43 21.42 5.02 4.8 2.71 1.95 124332.3 10 12
1 20160811 RTS43 21.42 5.02 4.8 2.71 1.95 124332.3 10 12
1 20160811 RTS43 21.42 5.02 4.8 2.71 1.95 124332.3 10 12
1 20160802 RTS5 19.79 6.41 5.64 4.11 1.61 23683.89 10 18
1 20160802 RTS5 19.79 6.41 5.64 4.11 1.61 23683.89 10 18
1 20160802 RTS5 19.79 6.41 5.64 4.11 1.61 23683.89 10 18
1 20160803 RTS5 18.17 5.96 5.05 3.68 1.69 31399.78 10 18
1 20160803 RTS5 18.17 5.96 5.05 3.68 1.69 31399.78 10 18
1 20160803 RTS5 18.17 5.96 5.05 3.68 1.69 31399.78 10 18
1 20160804 RTS5 21.45 5.83 4.92 3.59 1.84 33217.33 10 18
1 20160804 RTS5 21.45 5.83 4.92 3.59 1.84 33217.33 10 18
1 20160804 RTS5 21.45 5.83 4.92 3.59 1.84 33217.33 10 18
1 20160805 RTS5 20.51 5.19 4.4 3.21 1.71 43322.92 10 18
1 20160805 RTS5 20.51 5.19 4.4 3.21 1.71 43322.92 10 18
1 20160805 RTS5 20.51 5.19 4.4 3.21 1.71 43322.92 10 18
1 20160806 RTS5 14.55 4.79 4.82 1.67 1.25 90889.55 10 18
1 20160806 RTS5 14.55 4.79 4.82 1.67 1.25 90889.55 10 18
1 20160806 RTS5 14.55 4.79 4.82 1.67 1.25 90889.55 10 18
1 20160807 RTS5 20.08 4.65 4.06 2.96 1.39 49140.86 10 18
1 20160807 RTS5 20.08 4.65 4.06 2.96 1.39 49140.86 10 18
1 20160807 RTS5 20.08 4.65 4.06 2.96 1.39 49140.86 10 18
1 20160808 RTS5 20.72 4.2 3.82 2.26 1.39 68626.14 10 18
1 20160808 RTS5 20.72 4.2 3.82 2.26 1.39 68626.14 10 18
1 20160808 RTS5 20.72 4.2 3.82 2.26 1.39 68626.14 10 18
1 20160809 RTS5 16.83 4.44 3.94 2.87 1.25 59932.33 10 18
1 20160809 RTS5 16.83 4.44 3.94 2.87 1.25 59932.33 10 18
1 20160809 RTS5 16.83 4.44 3.94 2.87 1.25 59932.33 10 18
1 20160810 RTS5 17.14 4.37 3.89 2.25 1.36 83275.43 10 18
1 20160810 RTS5 17.14 4.37 3.89 2.25 1.36 83275.43 10 18
1 20160810 RTS5 17.14 4.37 3.89 2.25 1.36 83275.43 10 18
1 20160811 RTS5 17.86 4.58 4.11 2.36 1.35 50482.42 10 18
1 20160811 RTS5 17.86 4.58 4.11 2.36 1.35 50482.42 10 18
1 20160811 RTS5 17.86 4.58 4.11 2.36 1.35 50482.42 10 18
1 20160802 RTS6 18.64 6.25 5.64 4.13 1.56 20002.06 10 12
1 20160802 RTS6 18.64 6.25 5.64 4.13 1.56 20002.06 10 12
1 20160802 RTS6 18.64 6.25 5.64 4.13 1.56 20002.06 10 12
1 20160803 RTS6 16.46 5.64 5.05 3.68 1.43 24745.63 10 12
1 20160803 RTS6 16.46 5.64 5.05 3.68 1.43 24745.63 10 12
1 20160803 RTS6 16.46 5.64 5.05 3.68 1.43 24745.63 10 12
1 20160804 RTS6 14.64 5.45 4.92 3.59 1.43 26712.93 10 12
1 20160804 RTS6 14.64 5.45 4.92 3.59 1.43 26712.93 10 12
1 20160804 RTS6 14.64 5.45 4.92 3.59 1.43 26712.93 10 12
0 20160805 RTS6 16.58 4.92 4.4 3.21 1.38 37457.01 10 12
0 20160805 RTS6 16.58 4.92 4.4 3.21 1.38 37457.01 10 12
0 20160805 RTS6 16.58 4.92 4.4 3.21 1.38 37457.01 10 12
1 20160806 RTS6 15.44 4.66 4.0 1.67 1.35 71011.14 10 12
1 20160806 RTS6 15.44 4.66 4.0 1.67 1.35 71011.14 10 12
1 20160806 RTS6 15.44 4.66 4.0 1.67 1.35 71011.14 10 12
1 20160807 RTS6 16.93 4.85 4.06 2.96 1.59 52523.81 10 12
1 20160807 RTS6 16.93 4.85 4.06 2.96 1.59 52523.81 10 12
1 20160807 RTS6 16.93 4.85 4.06 2.96 1.59 52523.81 10 12
1 20160808 RTS6 13.2 4.59 3.82 2.26 1.51 85698.67 10 12
1 20160808 RTS6 13.2 4.59 3.82 2.26 1.51 85698.67 10 12
1 20160808 RTS6 13.2 4.59 3.82 2.26 1.51 85698.67 10 12
1 20160809 RTS6 13.96 4.64 3.94 2.87 1.42 66549.48 10 12
1 20160809 RTS6 13.96 4.64 3.94 2.87 1.42 66549.48 10 12
1 20160809 RTS6 13.96 4.64 3.94 2.87 1.42 66549.48 10 12
1 20160810 RTS6 13.05 4.65 3.99 1.62 1.42 111527.83 10 12
1 20160810 RTS6 13.05 4.65 3.99 1.62 1.42 111527.83 10 12
1 20160810 RTS6 13.05 4.65 3.99 1.62 1.42 111527.83 10 12
1 20160811 RTS6 14.58 4.83 4.11 2.36 1.48 60056.79 10 12
1 20160811 RTS6 14.58 4.83 4.11 2.36 1.48 60056.79 10 12
1 20160811 RTS6 14.58 4.83 4.11 2.36 1.48 60056.79 10 12
