date max mean median min stdv sum topic n1 no st rt
20150720 23.32 7.73 7.65 5.61 0.72 229166.63 MB226 1.0 19 27
20150721 22.44 7.62 7.43 5.29 0.71 251718.79 MB226 1.0 19 27
20150722 22.46 7.62 7.45 5.49 0.73 245595.87 MB226 1.0 19 27
20150723 21.63 7.74 7.63 5.68 0.74 228211.19 MB226 1.0 19 27
20150724 20.67 7.71 7.64 5.61 0.68 225611.66 MB226 1.0 19 27
20150725 23.05 7.82 7.7 5.34 0.77 208540.26 MB226 1.0 19 27
20150726 21.89 7.7 7.57 5.25 0.74 234908.16 MB226 1.0 19 27
20150727 27.91 7.74 7.6 5.64 0.83 234439.56 MB226 1.0 19 27
20150728 19.54 7.69 7.55 5.59 0.68 237290.4 MB226 1.0 19 27
20150729 21.31 7.61 7.43 5.47 0.71 252046.66 MB226 1.0  20 30
20150720 29.05 9.88 9.64 7.23 1.59 58924.34 MB227 1.0  20 30
20150721 32.36 9.63 9.23 7.23 1.51 72731.77 MB227 1.0  20 30
20150722 29.2 9.88 9.67 7.26 1.56 55441.47 MB227 1.0  20 30
20150723 29.93 9.84 9.63 7.22 1.44 57034.33 MB227 1.0  20 30
20150724 28.5 9.92 9.71 7.3 1.49 52582.45 MB227 1.0  20 30
20150725 22.51 9.94 9.7 7.29 1.46 50476.68 MB227 1.0  20 30
20150726 29.35 9.84 9.64 6.82 1.55 54945.69 MB227 1.0  20 30
20150727 29.08 9.92 9.62 7.22 1.74 59205.64 MB227 1.0  20 30
20150728 29.14 9.88 9.62 7.18 1.68 58394.08 MB227 1.0  20 30
20150729 29.25 9.87 9.71 7.2 1.56 57945.46 MB227 1.0  20 30
20150720 25.39 10.27 9.92 8.26 1.11 41847.18 MB228 0.7  20 30
20150721 22.78 9.66 9.4 7.43 1.08 58135.6 MB228 0.7  20 30
20150722 20.33 10.23 9.89 8.09 0.92 39530.59 MB228 0.7  20 30
20150723 21.29 10.27 9.88 7.82 0.98 40002.04 MB228 0.7  20 30
20150724 23.39 10.41 10.04 8.24 0.95 35018.35 MB228 0.7  20 30
20150725 25.85 10.32 9.86 8.1 1.11 37238.32 MB228 0.7  20 30
20150726 25.32 10.45 10.03 8.37 1.12 34379.05 MB228 0.7  20 30
20150727 25.61 10.37 9.98 8.33 1.01 37744.44 MB228 0.7  20 30
20150728 19.81 10.33 9.92 7.96 0.82 37999.33 MB228 0.7  20 30
20150729 23.22 10.53 10.11 8.03 1.08 34924.06 MB228 0.7  20 30
20150720 33.14 10.1 9.61 7.51 2.22 66380.49 MB236 0.0  20 30
20150721 34.26 9.93 9.53 7.12 2.0 72911.54 MB236 0.0  20 30
20150722 32.91 9.87 9.64 7.67 1.71 68237.84 MB236 0.0  20 30
20150723 33.25 9.82 9.38 6.97 1.93 71964.91 MB236 0.0  20 30
20150724 34.74 9.92 9.51 7.1 1.84 64646.2 MB236 0.0  20 30
20150725 24.11 10.16 9.87 8.04 1.48 52239.78 MB236 0.0  20 30
20150726 25.99 10.15 9.96 8.42 1.56 52475.89 MB236 0.0  20 30
20150727 25.42 9.89 9.56 7.46 1.58 64444.29 MB236 0.0  20 30
20150728 33.2 9.9 9.74 8.17 1.78 70177.35 MB236 0.0  20 30
20150729 31.84 9.8 9.37 7.98 1.99 73033.52 MB236 0.0  20 30
20150720 42.05 10.17 9.66 6.97 2.69 88083.37 MB242 0.1  20 30
20150721 44.41 10.21 9.69 6.94 2.96 89956.87 MB242 0.1  20 30
20150722 45.09 10.11 9.5 6.97 2.84 84956.33 MB242 0.1  20 30
20150723 45.07 10.22 9.67 7.31 2.91 86772.53 MB242 0.1  20 30
20150724 50.14 10.17 9.64 7.23 2.99 86729.1 MB242 0.1  20 30
20150725 48.89 10.54 9.7 7.04 3.48 83313.32 MB242 0.1  20 30
20150726 52.82 10.49 9.66 7.33 4.17 91204.9 MB242 0.1  20 30
20150727 53.69 10.24 9.6 6.92 3.17 95219.05 MB242 0.1  20 30
20150728 42.95 10.22 9.62 7.22 3.0 94251.94 MB242 0.1  20 30
20150729 48.2 10.12 9.4 6.88 3.13 92146.61 MB242 0.1  20 30
20150720 30.33 9.56 8.84 7.19 1.9 50438.53 MB243 0.0  20 30
20150721 31.0 10.26 10.18 8.08 1.28 33488.24 MB243 0.0  20 30
20150722 32.34 10.57 10.42 8.06 1.74 30300.86 MB243 0.0  20 30
20150723 32.41 10.59 10.32 8.8 1.55 30644.72 MB243 0.0  20 30
20150724 21.74 10.78 10.42 8.12 2.07 28383.99 MB243 0.0  20 30
20150725 22.42 10.71 10.51 8.41 1.82 25507.51 MB243 0.0  20 30
20150726 35.24 10.78 10.66 8.89 1.36 23746.11 MB243 0.0  20 30
20150727 21.4 10.72 10.53 8.87 1.32 26051.46 MB243 0.0  20 30
20150728 21.08 10.6 10.51 8.22 1.28 28279.26 MB243 0.0  20 30
20150729 22.01 10.37 10.35 8.26 1.23 32316.67 MB243 0.0  20 30
20150720 44.88 11.33 10.32 8.22 4.1 38422.63 MB246 0.0  20 30
20150721 45.52 10.9 10.29 9.22 2.9 35464.58 MB246 0.0  20 30
20150722 32.42 10.86 10.25 8.35 3.19 37672.69 MB246 0.0  20 30
20150723 33.69 10.98 10.25 8.87 3.15 36126.66 MB246 0.0  20 30
20150724 33.06 10.89 10.19 8.36 2.91 34989.91 MB246 0.0  20 30
20150725 44.83 11.02 10.43 8.33 2.89 28631.48 MB246 0.0  20 30
20150726 34.84 11.15 10.4 8.57 3.29 29909.09 MB246 0.0  20 30
20150727 34.48 10.83 10.15 8.32 2.89 37922.42 MB246 0.0  20 30
20150728 35.2 10.85 10.28 8.44 2.66 33347.81 MB246 0.0  20 30
20150729 46.06 10.73 10.18 8.35 3.03 37386.16 MB246 0.0  20 30
20150720 28.5 8.28 7.82 6.17 1.17 118105.61 MB248 1.0  20 30
20150721 22.82 8.53 8.03 6.38 1.11 106304.78 MB248 1.0  20 30
20150722 21.22 8.45 7.97 6.32 1.17 108792.88 MB248 1.0  20 30
20150723 22.03 8.62 8.14 6.18 1.0 100692.74 MB248 1.0  20 30
20150724 22.76 8.46 7.98 6.33 1.12 106378.47 MB248 1.0  20 30
20150725 22.08 8.7 8.17 6.21 1.12 91989.46 MB248 1.0  20 30
20150726 23.64 8.6 8.16 6.08 1.09 109490.02 MB248 1.0  20 30
20150727 21.09 8.36 7.83 6.17 1.15 120677.68 MB248 1.0  20 30
20150728 22.27 8.57 8.06 6.41 1.12 100818.75 MB248 1.0  20 30
20150729 21.79 8.49 8.03 6.07 1.07 103731.34 MB248 1.0  20 30
20150720 27.27 9.92 9.49 7.66 1.7 48264.95 MB249 1.0  20 30
20150721 25.11 9.97 9.76 7.46 1.59 48446.68 MB249 1.0  20 30
20150722 26.62 10.13 9.78 7.96 1.61 43132.42 MB249 1.0  20 30
20150723 25.76 10.14 9.9 7.82 1.88 45809.52 MB249 1.0  20 30
20150724 25.4 10.13 9.86 7.78 1.88 44585.63 MB249 1.0  20 30
20150725 25.05 10.17 10.02 7.92 1.58 39646.34 MB249 1.0  20 30
20150726 25.45 10.13 9.78 7.79 1.86 43056.53 MB249 1.0  20 30
20150727 33.51 10.16 9.9 7.83 1.96 46044.57 MB249 1.0  20 30
20150728 24.91 10.2 9.9 7.56 1.88 46082.76 MB249 1.0  20 30
20150729 24.91 10.16 9.81 7.85 1.92 47276.5 MB249 1.0  20 30
20150720 32.81 10.17 9.65 7.99 2.13 54819.07 MB253 0.7  20 30
20150721 23.04 10.16 9.7 7.95 2.09 55139.04 MB253 0.7  20 30
20150722 22.23 10.14 9.68 7.67 2.12 54312.4 MB253 0.7  20 30
20150723 23.4 10.07 9.65 7.72 1.87 56756.35 MB253 0.7  20 30
20150724 29.47 10.29 9.74 7.71 2.31 54285.05 MB253 0.7  20 30
20150725 31.39 10.3 9.8 8.1 2.15 48559.39 MB253 0.7  20 30
20150726 21.87 10.29 9.84 8.09 2.01 49052.45 MB253 0.7  20 30
20150727 23.5 10.14 9.65 7.7 2.07 56572.82 MB253 0.7  20 30
20150728 31.04 10.05 9.62 7.91 2.01 57891.01 MB253 0.7  20 30
20150729 22.11 10.01 9.46 7.86 1.96 57564.64 MB253 0.7  20 30
20150720 23.4 10.38 10.1 9.08 1.62 34874.11 MB254 0.3  20 30
20150721 22.36 10.51 10.17 9.15 1.8 33752.91 MB254 0.3  20 30
20150722 31.08 10.45 10.14 9.12 1.77 33269.03 MB254 0.3  20 30
20150723 22.91 10.43 10.19 8.36 1.51 34282.55 MB254 0.3  20 30
20150724 22.34 10.4 10.15 8.31 1.55 32560.49 MB254 0.3  20 30
20150725 22.6 10.61 10.26 8.42 1.81 28958.89 MB254 0.3  20 30
20150726 31.44 10.52 10.29 8.19 1.53 30250.29 MB254 0.3  20 30
20150727 31.07 10.39 10.18 8.8 1.45 34473.91 MB254 0.3  20 30
20150728 22.81 10.56 10.21 8.79 1.89 34564.76 MB254 0.3  20 30
20150729 22.75 10.61 10.12 9.1 2.2 36820.84 MB254 0.3  20 30
20150720 21.98 10.76 10.62 8.88 1.21 22351.89 MB255 0.1  20 30
20150721 22.7 10.76 10.59 9.66 0.97 21816.67 MB255 0.1  20 30
20150722 22.23 10.63 10.38 8.24 0.87 22751.03 MB255 0.1  20 30
20150723 22.17 10.75 10.52 8.88 1.29 24250.59 MB255 0.1  20 30
20150724 22.03 10.69 10.4 9.79 1.1 23812.34 MB255 0.1  20 30
20150725 22.22 10.91 10.43 9.83 1.68 22025.51 MB255 0.1  20 30
20150726 22.85 10.86 10.63 8.95 1.43 21973.53 MB255 0.1  20 30
20150727 22.13 10.75 10.54 9.24 1.42 26805.93 MB255 0.1  20 30
20150728 21.82 10.64 10.38 8.62 1.2 28223.09 MB255 0.1  20 30
20150729 22.31 10.7 10.63 8.34 1.15 25250.78 MB255 0.1  20 30
20150720 23.7 9.36 8.94 7.1 1.92 114312.11 MB260 0.4  20 30
20150721 28.26 9.08 8.6 6.53 2.02 126960.45 MB260 0.4  20 30
20150722 28.12 9.23 8.75 6.65 1.9 107332.64 MB260 0.4  20 30
20150723 28.1 9.22 8.44 6.67 1.99 115361.02 MB260 0.4  20 30
20150724 28.47 9.33 8.87 6.8 1.92 101970.12 MB260 0.4  20 30
20150725 29.82 9.35 8.92 7.08 2.06 97449.52 MB260 0.4  20 30
20150726 31.98 9.43 8.9 7.09 2.24 98558.16 MB260 0.4  20 30
20150727 22.87 9.32 8.83 7.02 2.05 105196.95 MB260 0.4  20 30
20150728 31.97 9.34 8.9 7.28 2.05 105664.6 MB260 0.4  20 30
20150729 31.81 9.36 8.93 7.14 1.93 106392.73 MB260 0.4  20 30
20150720 40.1 8.24 7.65 5.69 1.66 156247.31 MB262 0.0  20 30
20150721 33.03 7.97 7.43 5.47 1.4 180649.61 MB262 0.0  20 30
20150722 40.57 7.96 7.45 5.49 1.38 171121.33 MB262 0.0  20 30
20150723 41.95 8.11 7.63 5.68 1.33 155587.23 MB262 0.0  20 30
20150724 26.83 8.12 7.64 5.68 1.2 148900.41 MB262 0.0  20 30
20150725 25.42 8.21 7.7 5.74 1.22 139431.89 MB262 0.0  20 30
20150726 24.11 8.05 7.57 5.61 1.2 156058.09 MB262 0.0  20 30
20150727 19.5 8.13 7.6 5.64 1.19 159777.55 MB262 0.0  20 30
20150728 25.27 8.03 7.55 5.59 1.16 165765.59 MB262 0.0  20 30
20150729 25.33 7.87 7.43 5.47 1.2 180931.48 MB262 0.0  20 30
20150720 31.74 9.64 9.31 7.09 1.35 57974.72 MB265 0.0  20 30
20150721 32.71 9.58 9.28 7.0 1.54 62229.04 MB265 0.0  20 30
20150722 31.03 9.65 9.26 7.33 1.85 62027.8 MB265 0.0  20 30
20150723 29.6 9.57 9.34 7.29 1.55 63826.82 MB265 0.0  20 30
20150724 22.1 9.53 9.28 7.24 1.44 63541.36 MB265 0.0  20 30
20150725 29.33 9.49 9.3 6.93 1.22 62390.34 MB265 0.0  20 30
20150726 29.4 9.55 9.24 7.04 1.24 61524.6 MB265 0.0  20 30
20150727 22.39 9.62 9.26 7.03 1.31 65357.2 MB265 0.0  20 30
20150728 22.08 9.59 9.2 7.32 1.34 68569.55 MB265 0.0  20 30
20150729 33.28 9.53 9.24 6.98 1.35 66435.89 MB265 0.0  20 30
20150720 50.88 9.4 8.99 6.81 1.74 121902.07 MB267 0.0276  20 30
20150721 43.23 9.33 9.0 6.85 1.59 121254.94 MB267 0.0276  20 30
20150722 33.64 9.36 9.03 6.87 1.41 116500.42 MB267 0.0276  20 30
20150723 33.63 9.38 9.1 6.93 1.48 117169.91 MB267 0.0276  20 30
20150724 42.63 9.4 9.04 6.58 1.44 113849.31 MB267 0.0276  20 30
20150725 33.99 9.3 9.04 6.96 1.25 115483.77 MB267 0.0276  20 30
20150726 33.38 9.39 9.15 6.89 1.61 115974.69 MB267 0.0276  20 30
20150727 23.21 9.3 8.87 6.9 1.41 126125.28 MB267 0.0276  20 30
20150728 30.98 9.34 9.04 6.83 1.37 120067.33 MB267 0.0276  20 30
20150729 42.35 9.38 9.03 6.85 1.65 120682.94 MB267 0.0276  20 30
20150720 30.2 9.32 9.08 6.67 1.47 62744.14 MB278 0.1  20 30
20150721 29.45 9.23 9.08 6.68 1.17 65752.42 MB278 0.1  20 30
20150722 22.2 9.19 9.07 6.66 1.04 65178.95 MB278 0.1  20 30
20150723 29.95 9.02 8.46 6.5 1.43 73329.09 MB278 0.1  20 30
20150724 32.27 9.03 8.88 6.47 1.29 71295.44 MB278 0.1  20 30
20150725 32.67 9.2 9.03 6.62 1.28 62539.83 MB278 0.1  20 30
20150726 30.44 9.25 9.09 6.68 1.12 62135.2 MB278 0.1  20 30
20150727 23.3 9.24 9.12 6.71 0.93 61253.69 MB278 0.1  20 30
20150728 30.29 9.23 9.08 6.68 1.17 62987.96 MB278 0.1  20 30
20150729 30.31 9.37 9.23 6.83 1.07 59239.04 MB278 0.1  20 30
20150720 23.72 13.08 11.66 9.82 3.74 10043.11 MB284 0.0  20 30
20150721 26.31 13.66 11.69 10.68 4.42 11049.0 MB284 0.0  20 30
20150722 25.17 12.72 11.53 10.59 3.33 9717.2 MB284 0.0  20 30
20150723 25.09 13.15 11.78 9.97 3.79 10100.97 MB284 0.0  20 30
20150724 24.7 12.84 11.56 9.23 3.36 9119.81 MB284 0.0  20 30
20150725 25.22 12.49 11.73 10.47 2.67 7953.59 MB284 0.0  20 30
20150726 24.47 12.51 11.93 10.54 2.52 7694.8 MB284 0.0  20 30
20150727 25.61 12.39 11.82 10.88 2.44 8361.71 MB284 0.0  20 30
20150728 26.01 12.39 11.71 10.96 2.63 8513.98 MB284 0.0  20 30
20150729 26.12 12.77 11.71 10.7 3.13 7995.95 MB284 0.0  20 30
20150720 24.03 8.88 8.63 6.67 0.74 46087.41 MB287 0.0  20 30
20150721 24.51 8.86 8.64 6.68 0.77 46758.21 MB287 0.0  20 30
20150722 32.43 8.86 8.62 6.66 0.84 46902.01 MB287 0.0  20 30
20150723 32.91 8.67 8.46 6.5 1.2 56574.32 MB287 0.0  20 30
20150724 24.69 8.74 8.43 6.47 1.24 55284.24 MB287 0.0  20 30
20150725 31.55 8.94 8.58 6.62 1.47 48894.27 MB287 0.0  20 30
20150726 25.78 9.06 8.64 6.68 1.64 47901.64 MB287 0.0  20 30
20150727 33.17 8.95 8.67 6.71 1.04 46743.42 MB287 0.0  20 30
20150728 23.45 8.88 8.64 6.68 0.76 47522.1 MB287 0.0  20 30
20150729 25.08 9.03 8.79 6.83 0.81 42379.5 MB287 0.0  20 30
20150720 34.31 9.35 9.0 6.9 1.87 72833.2 MB298 0.4  20 30
20150721 32.56 9.11 8.48 6.98 1.82 81687.09 MB298 0.4  20 30
20150722 32.6 9.22 8.44 6.48 1.98 75728.11 MB298 0.4  20 30
20150723 23.08 9.34 8.98 6.88 1.89 74892.73 MB298 0.4  20 30
20150724 23.35 9.32 8.57 6.92 1.83 67664.11 MB298 0.4  20 30
20150725 22.98 9.27 8.54 6.89 1.79 65712.48 MB298 0.4  20 30
20150726 23.03 9.42 8.72 7.21 2.02 67179.96 MB298 0.4  20 30
20150727 32.71 9.34 8.52 6.87 2.1 73745.43 MB298 0.4  20 30
20150728 32.69 9.32 8.53 6.88 2.0 73170.0 MB298 0.4  20 30
20150729 23.7 9.26 8.46 7.07 1.96 78279.09 MB298 0.4  20 30
20150720 30.83 9.68 9.3 7.28 1.75 83486.45 MB305 0.8  20 30
20150721 29.72 9.77 9.33 7.32 1.79 80200.21 MB305 0.8  20 30
20150722 30.53 9.76 9.32 7.26 1.96 79171.83 MB305 0.8  20 30
20150723 31.08 9.64 9.2 7.24 1.72 86575.5 MB305 0.8  20 30
20150724 32.3 9.59 9.18 7.45 1.49 82613.17 MB305 0.8  20 30
20150725 32.84 9.83 9.4 7.33 1.66 71111.15 MB305 0.8  20 30
20150726 30.18 9.81 9.38 7.42 1.64 72972.97 MB305 0.8  20 30
20150727 32.42 9.63 9.29 7.11 1.78 84631.94 MB305 0.8  20 30
20150728 30.33 9.63 9.19 7.23 1.64 86059.12 MB305 0.8  20 30
20150729 40.58 9.74 9.26 7.18 1.85 85024.17 MB305 0.8  20 30
20150720 24.45 9.73 9.03 7.38 1.28 50556.07 MB324 0.8  20 30
20150721 20.44 9.77 9.1 7.44 1.11 48210.0 MB324 0.8  20 30
20150722 23.12 9.83 9.54 7.15 1.33 46504.65 MB324 0.8  20 30
20150723 24.3 9.78 9.1 7.14 1.32 48933.02 MB324 0.8  20 30
20150724 25.26 9.91 9.6 7.5 1.42 46619.95 MB324 0.8  20 30
20150725 25.64 10.06 9.77 7.94 1.35 40992.02 MB324 0.8  20 30
20150726 24.36 10.03 9.79 7.69 1.05 43601.45 MB324 0.8  20 30
20150727 24.13 9.77 9.51 7.77 1.23 55468.63 MB324 0.8  20 30
20150728 24.64 9.8 9.58 7.75 1.15 49383.71 MB324 0.8  20 30
20150729 24.56 9.78 9.61 7.78 1.04 54483.13 MB324 0.8  20 30
20150720 23.56 10.98 10.55 9.16 1.51 10444.28 MB326 0.0  20 30
20150721 22.66 10.87 10.55 8.9 0.96 10637.54 MB326 0.0  20 30
20150722 22.64 10.8 10.42 9.48 1.4 11242.75 MB326 0.0  20 30
20150723 21.98 10.86 10.53 8.56 1.05 12660.26 MB326 0.0  20 30
20150724 23.6 10.89 10.45 8.12 1.74 10777.28 MB326 0.0  20 30
20150725 23.79 11.22 10.76 9.1 1.66 8786.77 MB326 0.0  20 30
20150726 23.16 11.01 10.6 9.21 1.4 9355.35 MB326 0.0  20 30
20150727 23.01 10.76 10.43 8.47 1.4 10835.62 MB326 0.0  20 30
20150728 23.46 10.88 10.43 9.04 1.79 11602.02 MB326 0.0  20 30
20150729 23.54 10.79 10.4 8.43 1.46 11631.16 MB326 0.0  20 30
20150720 28.19 6.98 6.87 4.55 1.37 240135.33 MB331 0.0  20 30
20150721 28.6 6.61 6.43 4.38 1.49 272236.73 MB331 0.0  20 30
20150722 28.68 6.86 6.81 4.5 1.44 245609.09 MB331 0.0  20 30
20150723 28.41 7.09 6.92 4.6 1.46 244783.14 MB331 0.0  20 30
20150724 27.99 7.11 6.89 4.57 1.8 239309.0 MB331 0.0  20 30
20150725 27.73 7.34 6.96 4.64 2.37 226685.07 MB331 0.0  20 30
20150726 27.29 7.46 6.96 4.65 2.52 242246.64 MB331 0.0  20 30
20150727 27.51 7.25 6.95 4.63 1.87 241018.36 MB331 0.0  20 30
20150728 26.64 7.14 6.92 4.61 1.61 240651.2 MB331 0.0  20 30
20150729 28.11 7.08 6.91 4.59 1.57 243423.33 MB331 0.0  20 30
20150720 13.03 10.63 10.49 8.39 0.8 15503.43 MB339 0.5  20 30
20150721 23.12 10.82 10.69 8.59 1.02 14786.25 MB339 0.5  20 30
20150722 14.13 10.98 10.85 9.46 0.68 13095.48 MB339 0.5  20 30
20150723 39.59 11.09 11.04 9.01 1.13 13269.78 MB339 0.5  20 30
20150724 38.62 11.05 10.79 8.96 1.51 12618.41 MB339 0.5  20 30
20150725 13.47 11.02 10.91 9.07 0.72 11953.7 MB339 0.5  20 30
20150726 16.07 10.99 10.83 8.73 0.81 13148.76 MB339 0.5  20 30
20150727 15.42 11.01 10.88 8.78 0.75 13921.57 MB339 0.5  20 30
20150728 36.47 11.04 10.76 9.31 1.92 14859.79 MB339 0.5  20 30
20150729 35.33 11.65 10.79 8.96 3.9 14997.05 MB339 0.5  20 30
20150720 32.66 12.48 9.81 7.12 5.35 34835.61 MB344 0.0  20 30
20150721 32.28 12.62 9.88 8.85 5.18 37468.48 MB344 0.0  20 30
20150722 32.92 12.33 10.04 7.94 4.94 30350.14 MB344 0.0  20 30
20150723 33.23 12.25 10.01 8.84 4.7 34709.12 MB344 0.0  20 30
20150724 33.5 12.28 10.2 9.18 4.52 25854.93 MB344 0.0  20 30
20150725 32.31 12.4 10.26 9.24 4.69 24045.24 MB344 0.0  20 30
20150726 32.39 12.46 9.8 9.23 4.81 24372.58 MB344 0.0  20 30
20150727 36.3 11.92 10.06 9.09 4.46 28696.72 MB344 0.0  20 30
20150728 33.15 12.0 9.56 8.98 4.65 30666.75 MB344 0.0  20 30
20150729 33.26 12.22 10.07 8.29 4.57 29135.1 MB344 0.0  20 30
20150720 22.13 8.84 8.39 6.07 1.31 74101.45 MB348 0.1  20 30
20150721 22.17 8.81 8.33 6.0 1.4 78363.05 MB348 0.1  20 30
20150722 22.19 8.57 8.07 5.75 1.44 87299.87 MB348 0.1  20 30
20150723 20.57 8.69 8.33 6.0 1.28 77472.34 MB348 0.1  20 30
20150724 23.28 8.71 8.32 6.0 1.31 73373.71 MB348 0.1  20 30
20150725 22.51 8.45 8.04 5.72 1.32 79319.53 MB348 0.1  20 30
20150726 22.56 8.68 8.29 5.97 1.29 75016.77 MB348 0.1  20 30
20150727 22.16 8.85 8.4 6.07 1.36 73023.49 MB348 0.1  20 30
20150728 22.39 8.87 8.39 6.07 1.55 73319.33 MB348 0.1  20 30
20150729 23.23 8.71 8.24 5.92 1.42 84910.9 MB348 0.1  20 30
20150720 25.96 8.92 8.87 6.23 1.2 157465.72 MB353 0.2  20 30
20150721 22.97 8.86 8.64 6.23 1.13 167714.44 MB353 0.2  20 30
20150722 39.54 8.91 8.67 6.26 1.17 152816.71 MB353 0.2  20 30
20150723 22.71 8.84 8.6 6.15 1.14 168954.62 MB353 0.2  20 30
20150724 21.21 8.89 8.66 6.21 1.16 154252.27 MB353 0.2  20 30
20150725 20.18 8.43 8.37 5.6 1.13 198294.9 MB353 0.2  20 30
20150726 23.26 8.39 8.3 5.53 1.12 220633.56 MB353 0.2  20 30
20150727 25.24 8.54 8.49 5.76 1.17 206222.08 MB353 0.2  20 30
20150728 22.85 8.6 8.58 5.84 1.13 196294.81 MB353 0.2  20 30
20150729 25.44 8.51 8.54 5.77 1.14 199590.93 MB353 0.2  20 30
20150720 28.87 26.42 25.99 25.07 0.92 5652.83 MB354 0.0  20 30
20150721 31.8 27.32 27.64 25.92 0.99 2568.25 MB354 0.0  20 30
20150722 32.23 28.05 28.07 26.35 1.01 1739.41 MB354 0.0  20 30
20150723 30.62 28.34 28.19 26.46 0.89 1558.79 MB354 0.0  20 30
20150724 29.2 28.07 27.86 26.14 0.8 1993.02 MB354 0.0  20 30
20150725 31.34 28.28 27.98 26.25 1.04 2262.09 MB354 0.0  20 30
20150726 29.31 28.33 27.97 27.17 0.62 2096.76 MB354 0.0  20 30
20150727 29.73 28.47 28.39 27.59 0.76 1138.71 MB354 0.0  20 30
20150728 31.89 28.7 28.53 26.81 1.1 516.65 MB354 0.0  20 30
20150729 30.96 28.46 28.53 26.8 1.09 1109.83 MB354 0.0  20 30
20150720 27.62 6.97 6.87 4.55 0.71 218255.45 MB357 0.5  20 30
20150721 25.58 6.95 6.87 4.56 0.69 220470.74 MB357 0.5  20 30
20150722 20.7 6.59 6.6 4.29 0.63 267941.74 MB357 0.5  20 30
20150723 26.24 6.56 6.57 4.62 0.71 286563.05 MB357 0.5  20 30
20150724 27.55 6.94 6.87 4.55 0.67 213813.81 MB357 0.5  20 30
20150725 25.78 7.1 7.01 4.69 0.71 185919.74 MB357 0.5  20 30
20150726 29.76 7.03 6.95 4.64 0.68 198498.58 MB357 0.5  20 30
20150727 27.77 6.99 6.9 4.59 0.73 214780.4 MB357 0.5  20 30
20150728 25.6 6.99 6.89 4.57 0.73 216642.9 MB357 0.5  20 30
20150729 24.91 6.95 6.86 4.54 0.68 224960.6 MB357 0.5  20 30
20150720 21.24 8.99 8.64 6.68 0.96 55267.56 MB359 0.4  20 30
20150721 19.06 8.91 8.56 6.24 0.88 59715.55 MB359 0.4  20 30
20150722 19.6 8.99 8.63 6.67 0.88 55524.63 MB359 0.4  20 30
20150723 19.88 8.95 8.6 6.27 0.85 57624.87 MB359 0.4  20 30
20150724 19.87 9.01 8.66 6.7 0.95 53264.13 MB359 0.4  20 30
20150725 19.79 9.15 8.76 6.8 0.93 48941.34 MB359 0.4  20 30
20150726 19.89 9.12 8.73 6.77 0.96 51732.51 MB359 0.4  20 30
20150727 19.83 9.03 8.64 6.68 1.0 56381.49 MB359 0.4  20 30
20150728 19.31 8.94 8.55 6.59 0.9 64516.66 MB359 0.4  20 30
20150729 20.42 9.01 8.65 6.69 0.91 57481.08 MB359 0.4  20 30
20150720 27.8 10.81 10.52 8.97 1.45 17983.76 MB362 0.0  20 30
20150721 28.1 10.95 10.52 9.02 1.77 17978.58 MB362 0.0  20 30
20150722 28.9 10.97 10.51 8.57 1.88 17909.59 MB362 0.0  20 30
20150723 34.54 11.03 10.51 8.78 1.98 17801.22 MB362 0.0  20 30
20150724 34.06 10.83 10.43 8.57 1.9 19327.08 MB362 0.0  20 30
20150725 28.79 11.15 10.62 9.13 2.14 16025.51 MB362 0.0  20 30
20150726 27.73 11.14 10.67 9.29 1.7 14866.44 MB362 0.0  20 30
20150727 33.47 11.05 10.52 9.13 2.37 18300.46 MB362 0.0  20 30
20150728 27.94 10.97 10.58 9.19 1.66 17195.11 MB362 0.0  20 30
20150729 27.62 11.04 10.55 9.17 1.74 16919.69 MB362 0.0  20 30
20150720 35.28 11.8 11.35 9.98 2.7 12382.73 MB366 0.0  20 30
20150721 26.91 11.63 11.23 10.06 1.95 11904.46 MB366 0.0  20 30
20150722 34.44 11.7 11.11 10.17 2.32 12256.55 MB366 0.0  20 30
20150723 34.77 11.19 10.87 9.91 1.96 16899.65 MB366 0.0  20 30
20150724 34.86 11.87 11.13 10.19 2.77 13147.41 MB366 0.0  20 30
20150725 35.99 11.94 11.19 10.53 2.8 12133.17 MB366 0.0  20 30
20150726 36.74 11.63 11.18 10.13 2.0 11854.05 MB366 0.0  20 30
20150727 25.24 11.78 11.26 9.56 2.4 13476.37 MB366 0.0  20 30
20150728 34.61 12.13 11.15 9.89 4.31 15297.57 MB366 0.0  20 30
20150729 34.77 11.98 11.17 9.78 3.81 15062.66 MB366 0.0  20 30
20150720 40.71 9.66 9.06 6.9 2.4 135921.33 MB371 0.0  20 30
20150721 37.39 9.66 8.96 6.86 2.69 145374.69 MB371 0.0  20 30
20150722 37.23 9.61 9.04 6.87 2.33 135094.43 MB371 0.0  20 30
20150723 30.27 9.6 9.08 6.93 2.0 139033.01 MB371 0.0  20 30
20150724 28.43 9.57 9.11 6.89 1.99 131558.24 MB371 0.0  20 30
20150725 37.56 9.62 9.07 6.58 2.2 124258.95 MB371 0.0  20 30
20150726 37.37 9.32 8.85 6.42 1.96 145346.23 MB371 0.0  20 30
20150727 37.56 9.61 9.07 6.92 2.03 134093.16 MB371 0.0  20 30
20150728 36.44 9.55 9.07 6.66 1.9 139899.69 MB371 0.0  20 30
20150729 28.47 9.71 9.29 6.65 2.25 136471.96 MB371 0.0  20 30
20150720 23.5 9.49 9.32 7.26 1.04 81011.12 MB377 0.2  20 30
20150721 22.79 9.5 9.28 7.44 1.04 81280.03 MB377 0.2  20 30
20150722 23.37 9.44 9.19 7.23 1.08 82896.94 MB377 0.2  20 30
20150723 22.86 9.49 9.27 7.31 1.04 82598.76 MB377 0.2  20 30
20150724 31.8 9.59 9.33 7.3 1.12 74793.64 MB377 0.2  20 30
20150725 22.21 9.61 9.34 7.58 1.02 70850.29 MB377 0.2  20 30
20150726 23.02 9.33 9.34 6.93 0.83 86955.82 MB377 0.2  20 30
20150727 30.26 9.28 9.09 7.02 1.15 96303.34 MB377 0.2  20 30
20150728 22.64 9.39 9.25 6.93 1.13 89713.53 MB377 0.2  20 30
20150729 29.87 9.26 9.11 7.01 1.21 97702.74 MB377 0.2  20 30
20150720 24.99 12.5 12.03 10.64 1.11 2688.09 MB379 0.0  20 30
20150721 15.81 12.4 11.88 11.3 0.9 2791.11 MB379 0.0  20 30
20150722 25.99 12.69 12.22 11.65 1.35 2106.48 MB379 0.0  20 30
20150723 24.94 12.37 11.87 10.93 1.34 3079.63 MB379 0.0  20 30
20150724 24.98 12.46 11.98 11.04 1.13 2866.71 MB379 0.0  20 30
20150725 26.19 12.63 11.93 10.55 1.82 2702.1 MB379 0.0  20 30
20150726 25.26 12.61 12.09 11.52 1.17 2522.76 MB379 0.0  20 30
20150727 26.46 12.75 12.13 10.74 1.91 2359.34 MB379 0.0  20 30
20150728 15.2 12.31 11.92 11.35 0.76 2707.92 MB379 0.0  20 30
20150729 15.38 12.59 12.11 11.84 0.77 2481.21 MB379 0.0  20 30
20150720 28.98 8.8 8.5 6.54 1.3 163582.58 MB383 0.2  20 30
20150721 28.85 8.69 8.41 6.53 1.36 169919.65 MB383 0.2  20 30
20150722 21.3 8.71 8.58 6.65 1.14 159807.45 MB383 0.2  20 30
20150723 25.72 8.75 8.44 6.67 1.08 168621.26 MB383 0.2  20 30
20150724 25.84 8.81 8.57 6.67 1.13 149186.28 MB383 0.2  20 30
20150725 28.02 8.79 8.49 6.67 1.14 143687.21 MB383 0.2  20 30
20150726 25.85 8.88 8.74 6.78 1.22 144436.59 MB383 0.2  20 30
20150727 26.36 8.8 8.64 6.76 1.22 156384.43 MB383 0.2  20 30
20150728 26.1 8.83 8.68 6.75 1.19 153027.8 MB383 0.2  20 30
20150729 25.8 8.87 8.69 6.73 1.18 150583.04 MB383 0.2  20 30
20150720 27.33 9.27 9.05 6.87 1.11 83130.97 MB384 0.3  20 30
20150721 23.85 9.07 8.96 6.57 1.11 98179.34 MB384 0.3  20 30
20150722 32.38 9.22 8.98 6.78 1.22 87966.81 MB384 0.3  20 30
20150723 32.57 9.17 8.94 6.75 1.2 94880.86 MB384 0.3  20 30
20150724 20.77 9.06 8.9 6.62 1.03 98852.72 MB384 0.3  20 30
20150725 22.1 9.28 8.89 6.91 1.12 84847.2 MB384 0.3  20 30
20150726 23.44 9.26 9.01 6.92 0.96 83646.26 MB384 0.3  20 30
20150727 22.42 9.21 8.99 6.82 1.15 82879.76 MB384 0.3  20 30
20150728 23.41 9.04 8.7 6.66 1.29 88217.27 MB384 0.3  20 30
20150729 30.59 8.79 8.41 6.45 1.16 99993.2 MB384 0.3  20 30
20150720 21.56 10.98 10.87 9.75 0.91 14025.48 MB389 0.1  20 30
20150721 22.58 11.05 10.86 9.47 1.12 13036.55 MB389 0.1  20 30
20150722 21.52 10.92 10.77 9.83 0.92 13633.17 MB389 0.1  20 30
20150723 21.76 10.98 10.75 9.62 0.81 12424.5 MB389 0.1  20 30
20150724 22.15 10.56 10.25 9.31 0.64 16026.67 MB389 0.1  20 30
20150725 21.79 10.89 10.69 9.88 0.81 12351.63 MB389 0.1  20 30
20150726 21.94 11.12 11.01 9.89 1.31 11514.1 MB389 0.1  20 30
20150727 21.8 10.96 10.5 9.56 1.51 13464.58 MB389 0.1  20 30
20150728 22.74 11.08 10.6 10.02 1.62 12435.16 MB389 0.1  20 30
20150729 22.47 10.9 10.6 9.78 0.84 12965.08 MB389 0.1  20 30
20150720 30.02 11.56 11.41 9.82 0.89 7918.93 MB391 0.0  20 30
20150721 29.63 11.61 11.47 10.28 1.35 8506.93 MB391 0.0  20 30
20150722 27.13 11.53 11.45 10.18 1.0 8027.58 MB391 0.0  20 30
20150723 26.12 11.48 11.45 9.35 1.21 8701.23 MB391 0.0  20 30
20150724 13.87 11.54 11.55 10.52 0.6 7590.85 MB391 0.0  20 30
20150725 23.23 11.76 11.7 10.32 1.11 6655.92 MB391 0.0  20 30
20150726 17.03 11.62 11.58 10.19 0.75 6984.05 MB391 0.0  20 30
20150727 13.8 11.3 11.2 10.45 0.46 9358.66 MB391 0.0  20 30
20150728 22.64 11.4 11.35 9.64 0.71 8890.31 MB391 0.0  20 30
20150729 14.61 10.82 10.61 9.06 0.73 14027.01 MB391 0.0  20 30
20150720 29.91 9.69 9.5 7.09 1.33 53829.61 MB392 0.0  20 30
20150721 22.71 9.6 9.41 7.0 1.32 55891.12 MB392 0.0  20 30
20150722 29.85 9.59 9.43 7.33 1.22 55741.99 MB392 0.0  20 30
20150723 21.49 9.52 9.39 7.29 1.1 58534.73 MB392 0.0  20 30
20150724 20.81 9.51 9.34 7.24 1.28 56107.87 MB392 0.0  20 30
20150725 20.84 9.6 9.34 6.93 1.43 52208.8 MB392 0.0  20 30
20150726 21.06 9.68 9.45 7.04 1.44 47688.72 MB392 0.0  20 30
20150727 22.83 9.62 9.44 7.03 1.25 54190.25 MB392 0.0  20 30
20150728 22.66 9.65 9.42 7.32 1.38 56464.82 MB392 0.0  20 30
20150729 29.84 9.59 9.39 6.98 1.28 56389.86 MB392 0.0  20 30
20150720 13.85 13.16 13.04 12.47 0.41 763.19 MB400 0.0  20 30
20150721 14.19 13.32 13.38 12.81 0.34 599.43 MB400 0.0  20 30
20150722 14.59 13.33 13.21 12.63 0.56 666.27 MB400 0.0  20 30
20150723 14.21 13.38 13.4 12.83 0.34 642.02 MB400 0.0  20 30
20150724 14.18 13.06 13.06 12.48 0.37 809.67 MB400 0.0  20 30
20150725 14.24 13.71 13.53 13.22 0.28 411.28 MB400 0.0  20 30
20150726 14.53 13.12 12.88 12.88 0.41 747.56 MB400 0.0  20 30
20150727 14.21 13.52 13.52 13.25 0.31 513.78 MB400 0.0  20 30
20150728 13.65 12.91 12.96 12.38 0.24 929.57 MB400 0.0  20 30
20150729 14.28 13.46 13.46 12.89 0.38 565.36 MB400 0.0  20 30
20150720 27.15 27.15 27.15 27.15 0.0 54.31 MB401 0.0  20 30
20150721 31.44 29.33 29.3 27.28 1.88 293.33 MB401 0.0  20 30
20150722 31.44 29.04 28.08 27.28 1.6 929.17 MB401 0.0  20 30
20150723 29.5 28.07 28.16 26.43 0.64 393.04 MB401 0.0  20 30
20150724 31.39 28.35 28.04 27.24 1.48 736.98 MB401 0.0  20 30
20150725 31.53 29.6 30.6 27.37 1.7 651.23 MB401 0.0  20 30
20150726 29.62 27.85 27.19 26.39 1.17 306.35 MB401 0.0  20 30
20150727 28.43 26.48 26.29 25.36 0.6 4290.36 MB401 0.0  20 30
20150728 30.52 26.19 26.36 24.63 0.82 14115.68 MB401 0.0  20 30
20150729 31.19 27.08 27.03 25.3 1.03 9424.6 MB401 0.0  20 30
20150720 13.67 11.45 11.11 9.45 0.7 6320.24 MB405 0.7  20 30
20150721 24.93 11.55 11.07 9.42 1.56 6931.65 MB405 0.7  20 30
20150722 13.67 11.42 11.09 9.7 0.71 6053.8 MB405 0.7  20 30
20150723 23.31 11.54 11.17 9.52 0.78 6691.1 MB405 0.7  20 30
20150724 23.23 11.31 10.81 8.85 1.42 7138.18 MB405 0.7  20 30
20150725 15.29 11.19 10.77 9.12 0.88 6913.42 MB405 0.7  20 30
20150726 13.97 11.17 10.94 9.29 0.8 6722.26 MB405 0.7  20 30
20150727 13.78 11.42 11.01 9.36 0.75 6713.41 MB405 0.7  20 30
20150728 15.69 11.25 10.87 9.21 0.85 7075.77 MB405 0.7  20 30
20150729 14.21 11.53 11.16 9.77 0.74 5902.13 MB405 0.7  20 30
20150720 23.05 10.23 9.93 9.25 1.18 27690.55 MB409 0.0  20 30
20150721 22.9 10.2 9.99 9.42 0.8 27708.98 MB409 0.0  20 30
20150722 24.14 10.21 9.97 9.03 0.75 27186.57 MB409 0.0  20 30
20150723 24.09 10.06 9.82 8.7 0.8 30928.23 MB409 0.0  20 30
20150724 19.13 9.56 9.21 8.27 0.7 43903.98 MB409 0.0  20 30
20150725 14.81 10.07 9.96 8.6 0.61 28334.55 MB409 0.0  20 30
20150726 22.99 10.09 9.87 8.4 0.8 29930.49 MB409 0.0  20 30
20150727 22.49 9.92 9.74 8.62 0.87 35209.0 MB409 0.0  20 30
20150728 22.86 10.05 9.9 7.94 0.97 31739.78 MB409 0.0  20 30
20150729 22.76 10.18 9.93 8.28 1.24 29982.19 MB409 0.0  20 30
20150720 23.51 11.98 11.45 10.06 2.19 9932.05 MB416 0.3  20 30
20150721 24.39 11.8 11.42 9.97 1.78 9843.04 MB416 0.3  20 30
20150722 23.81 11.65 11.48 9.83 0.71 9322.17 MB416 0.3  20 30
20150723 25.6 11.79 11.56 9.9 1.5 9218.18 MB416 0.3  20 30
20150724 15.57 11.69 11.53 9.57 0.7 9027.8 MB416 0.3  20 30
20150725 24.36 11.88 11.71 11.0 1.17 8823.35 MB416 0.3  20 30
20150726 23.18 11.76 11.73 10.36 0.71 9305.48 MB416 0.3  20 30
20150727 24.11 11.61 11.42 10.41 1.1 10148.17 MB416 0.3  20 30
20150728 23.9 11.63 11.33 9.81 0.99 9906.45 MB416 0.3  20 30
20150729 24.88 12.01 11.49 9.8 2.0 8956.77 MB416 0.3  20 30
20150720 22.27 9.63 9.52 7.58 0.97 63502.88 MB419 0.1  20 30
20150721 33.68 9.86 9.6 7.44 1.24 59599.71 MB419 0.1  20 30
20150722 33.64 9.93 9.92 7.82 1.25 56302.43 MB419 0.1  20 30
20150723 29.16 9.72 9.41 7.45 1.2 64304.38 MB419 0.1  20 30
20150724 32.59 9.25 8.91 7.08 1.64 85682.17 MB419 0.1  20 30
20150725 32.33 9.7 9.37 6.97 1.79 68499.51 MB419 0.1  20 30
20150726 33.54 9.66 9.43 7.22 1.18 64964.89 MB419 0.1  20 30
20150727 23.81 9.69 9.5 7.21 0.93 60921.9 MB419 0.1  20 30
20150728 21.79 9.91 9.53 7.49 1.04 53026.9 MB419 0.1  20 30
20150729 22.29 9.9 9.46 7.49 1.04 56329.08 MB419 0.1  20 30
20150720 27.2 11.21 10.92 9.98 2.0 6210.03 MB432 0.0  20 30
20150721 27.38 11.38 11.0 10.06 2.26 5781.46 MB432 0.0  20 30
20150722 25.98 11.07 11.03 10.46 0.94 5379.43 MB432 0.0  20 30
20150723 27.02 11.36 11.14 10.57 1.94 5112.2 MB432 0.0  20 30
20150724 25.77 11.51 11.13 10.19 1.94 5156.1 MB432 0.0  20 30
20150725 27.73 11.49 11.19 10.61 1.36 4915.76 MB432 0.0  20 30
20150726 14.71 11.16 11.07 10.13 0.77 5425.06 MB432 0.0  20 30
20150727 26.01 11.57 10.94 9.56 2.73 6504.18 MB432 0.0  20 30
20150728 26.85 11.23 10.83 9.89 2.49 6906.08 MB432 0.0  20 30
20150729 26.67 11.26 10.93 9.99 2.2 6382.93 MB432 0.0  20 30
20150720 27.25 7.4 7.31 4.55 1.46 367415.36 MB434 0.1  20 30
20150721 27.13 7.03 6.69 4.38 1.47 401208.21 MB434 0.1  20 30
20150722 27.17 7.26 7.24 4.5 1.4 378884.86 MB434 0.1  20 30
20150723 30.0 7.41 7.36 4.6 1.34 372062.17 MB434 0.1  20 30
20150724 22.89 7.39 7.33 4.57 1.4 362490.36 MB434 0.1  20 30
20150725 22.21 7.47 7.53 4.64 1.23 404237.45 MB434 0.1  20 30
20150726 28.31 7.49 7.49 4.65 1.25 422322.14 MB434 0.1  20 30
20150727 28.03 7.45 7.45 4.63 1.24 405149.5 MB434 0.1  20 30
20150728 27.94 7.39 7.48 4.61 1.21 405057.6 MB434 0.1  20 30
20150729 22.32 7.35 7.43 4.59 1.17 416167.54 MB434 0.1  20 30
20150720 24.85 12.93 12.44 10.77 1.82 3142.31 MB439 0.0  20 30
20150721 25.07 12.45 11.99 10.34 2.13 4196.57 MB439 0.0  20 30
20150722 23.87 12.09 11.67 10.73 1.63 4908.08 MB439 0.0  20 30
20150723 25.38 12.64 12.19 10.38 2.13 3792.83 MB439 0.0  20 30
20150724 25.38 12.47 12.23 11.06 1.41 3715.08 MB439 0.0  20 30
20150725 26.23 12.74 12.14 9.96 2.46 3530.28 MB439 0.0  20 30
20150726 14.21 12.37 12.0 11.42 0.59 3289.95 MB439 0.0  20 30
20150727 25.47 12.56 12.32 11.42 1.58 3666.51 MB439 0.0  20 30
20150728 26.01 12.65 12.25 11.33 2.25 3818.93 MB439 0.0  20 30
20150729 13.91 12.34 12.32 10.69 0.44 3985.31 MB439 0.0  20 30
20150720 19.39 7.9 7.63 5.67 1.04 128126.5 MB448 0.5  20 30
20150721 19.83 7.97 7.7 5.74 1.03 120984.23 MB448 0.5  20 30
20150722 19.85 7.94 7.65 5.7 1.06 122040.3 MB448 0.5  20 30
20150723 26.59 7.8 7.51 5.55 0.98 143966.13 MB448 0.5  20 30
20150724 20.94 7.97 7.67 5.71 1.09 121440.2 MB448 0.5  20 30
20150725 21.05 7.95 7.66 5.7 1.06 119731.0 MB448 0.5  20 30
20150726 19.38 7.98 7.68 5.73 1.0 119705.03 MB448 0.5  20 30
20150727 19.43 8.02 7.71 5.75 1.03 119884.28 MB448 0.5  20 30
20150728 26.45 7.99 7.7 5.74 1.08 121181.0 MB448 0.5  20 30
20150729 19.27 7.84 7.57 5.61 0.98 136677.41 MB448 0.5  20 30
