Silent date topic max mean median min stdv sum rt st
0 20160802 MB226 21.28 6.92 6.58 4.94 0.87 115418.6 16 25
0 20160803 MB226 20.66 6.71 6.44 5.5 0.87 90250.94 16 25
0 20160804 MB226 22.2 6.76 6.46 4.81 0.91 90456.19 16 25
1 20160805 MB226 27.55 6.68 6.44 5.5 0.89 77968.23 16 25
0 20160806 MB226 20.17 7.05 6.69 5.04 0.81 89404.78 16 25
0 20160807 MB226 22.81 6.65 6.41 5.47 0.89 71467.17 16 25
0 20160808 MB226 20.91 7.11 6.78 5.13 0.79 73705.01 16 25
0 20160809 MB226 19.35 6.6 6.39 5.82 0.85 82443.07 16 25
1 20160810 MB226 27.34 6.94 6.64 4.99 0.86 97546.53 16 25
1 20160811 MB226 21.87 6.61 6.4 5.82 0.88 81610.41 16 25
1 20160802 MB229 30.75 9.34 9.05 8.12 1.91 36128.4 16 20
1 20160803 MB229 29.99 9.1 8.89 7.82 1.83 31217.84 16 20
1 20160804 MB229 28.68 9.07 8.86 7.84 1.69 30622.49 16 20
1 20160805 MB229 30.78 9.15 8.93 7.87 1.84 27089.68 16 20
1 20160806 MB229 31.74 9.52 9.2 8.34 1.91 25018.64 16 20
1 20160807 MB229 27.7 8.98 8.61 7.89 1.61 28885.36 16 20
1 20160808 MB229 28.58 9.38 9.05 7.36 1.97 26005.6 16 20
1 20160809 MB229 29.4 9.0 8.56 7.7 1.98 33634.25 16 20
1 20160810 MB229 29.62 9.23 9.0 6.92 1.73 33939.36 16 20
1 20160811 MB229 27.96 9.45 8.74 7.78 2.96 39426.6 16 20
0 20160802 MB230 18.45 8.43 8.31 6.65 0.78 50684.36 16 25
0 20160803 MB230 17.06 8.21 8.04 7.29 0.61 45549.45 16 25
0 20160804 MB230 17.7 8.38 8.31 7.37 0.74 40470.61 16 25
0 20160805 MB230 18.02 8.42 8.34 7.37 0.77 34350.89 16 25
1 20160806 MB230 17.22 8.5 8.31 7.37 0.63 38977.89 16 25
0 20160807 MB230 18.36 8.6 8.52 7.52 0.8 26848.82 16 25
0 20160808 MB230 17.97 8.82 8.53 7.1 0.67 25976.77 16 25
0 20160809 MB230 17.74 8.31 7.8 7.22 0.86 36788.15 16 25
0 20160810 MB230 18.72 8.37 8.33 7.3 0.88 49482.7 16 25
0 20160811 MB230 18.97 8.22 7.73 7.15 0.93 38646.71 16 25
0 20160802 MB239 20.21 8.49 8.02 7.08 1.1 34924.02 16 25
0 20160803 MB239 19.51 8.48 7.93 7.36 1.18 34144.79 16 25
0 20160804 MB239 19.52 8.42 7.91 6.97 1.12 30532.25 16 25
0 20160805 MB239 19.12 8.31 7.85 7.27 1.13 27762.77 16 25
0 20160806 MB239 18.42 8.75 8.24 7.66 1.02 26570.81 16 25
0 20160807 MB239 19.96 8.53 8.05 7.48 1.22 21749.12 16 25
1 20160808 MB239 20.71 8.9 8.36 6.98 1.23 18827.74 16 25
0 20160809 MB239 19.79 8.1 8.01 7.01 1.05 34769.46 16 25
1 20160810 MB239 29.09 8.35 8.21 6.38 1.25 38554.36 16 25
0 20160811 MB239 18.8 8.27 7.77 7.2 1.12 30200.76 16 25
1 20160802 MB254 19.03 9.03 8.67 8.1 0.6 21331.81 16 25
1 20160803 MB254 10.95 8.95 8.65 8.08 0.51 17692.24 16 25
0 20160804 MB254 19.04 9.05 8.74 8.16 0.76 16516.2 16 25
0 20160805 MB254 18.5 8.91 8.65 8.08 0.55 18575.66 16 25
0 20160806 MB254 10.81 9.3 9.07 8.37 0.44 15070.89 16 25
0 20160807 MB254 17.8 8.96 8.6 8.03 0.79 15675.28 16 25
0 20160808 MB254 18.76 9.48 9.33 8.22 0.79 11503.24 16 25
1 20160809 MB254 18.67 8.85 8.53 7.95 0.62 18008.15 16 25
0 20160810 MB254 18.24 9.18 9.04 8.35 0.54 18396.39 16 25
0 20160811 MB254 16.62 8.48 8.19 7.62 0.51 23786.21 16 25
1 20160802 MB256 35.17 9.38 7.8 5.6 3.35 119293.41 16 30
0 20160803 MB256 33.32 9.12 7.91 6.78 3.08 101282.62 16 30
1 20160804 MB256 24.4 8.99 7.78 6.86 2.98 93910.02 16 30
1 20160805 MB256 24.05 9.02 7.81 6.86 3.01 85238.25 16 30
1 20160806 MB256 38.29 9.28 8.05 6.09 3.02 78227.42 16 30
1 20160807 MB256 36.55 9.04 7.85 6.82 3.03 80451.09 16 30
1 20160808 MB256 24.23 9.43 8.03 5.66 3.12 69560.1 16 30
1 20160809 MB256 23.92 9.04 7.69 6.76 3.08 88829.78 16 30
1 20160810 MB256 33.44 8.96 7.79 6.01 2.89 100155.67 16 30
1 20160811 MB256 25.9 9.01 7.67 6.78 3.03 88735.02 16 30
1 20160802 MB258 26.8 7.34 6.89 5.96 1.07 85620.72 16 25
1 20160803 MB258 18.61 7.31 6.88 5.94 1.04 67396.55 16 25
1 20160804 MB258 18.76 7.3 6.86 6.29 1.04 68084.69 16 25
1 20160805 MB258 18.42 7.08 6.67 5.29 0.98 71327.6 16 25
1 20160806 MB258 19.11 7.53 7.09 5.71 1.09 59157.13 16 25
1 20160807 MB258 18.47 7.25 6.8 5.86 1.01 58344.54 16 25
1 20160808 MB258 20.44 7.52 7.09 6.15 1.03 51245.25 16 25
1 20160809 MB258 19.05 7.17 6.73 6.15 1.02 69351.7 16 25
1 20160810 MB258 25.91 7.55 7.08 5.7 1.06 69587.51 16 25
1 20160811 MB258 19.08 7.3 6.84 6.26 0.99 65925.53 16 25
1 20160802 MB265 20.51 9.17 8.64 8.06 1.75 18883.73 16 25
0 20160803 MB265 20.11 9.01 8.35 7.41 2.17 18225.42 16 25
1 20160804 MB265 19.74 8.88 8.44 7.06 1.65 15896.44 16 25
1 20160805 MB265 19.36 8.76 8.31 7.73 1.63 16707.26 16 25
0 20160806 MB265 20.73 9.09 8.68 7.29 1.35 14560.11 16 25
1 20160807 MB265 19.94 8.78 8.37 7.79 1.43 14379.07 16 25
1 20160808 MB265 20.26 9.16 8.79 7.13 1.43 11411.86 16 25
1 20160809 MB265 19.54 8.82 8.41 7.84 1.42 15544.41 16 25
1 20160810 MB265 21.93 9.08 8.66 7.28 1.4 16377.13 16 25
0 20160811 MB265 19.73 8.85 8.51 7.93 1.06 14408.16 16 25
1 20160802 MB267 26.83 8.42 8.14 6.99 1.29 90316.02 16 20
1 20160803 MB267 28.24 8.32 8.09 7.0 1.36 73853.68 16 20
1 20160804 MB267 27.7 8.26 7.97 7.03 1.24 76430.04 16 20
1 20160805 MB267 25.48 8.24 7.92 6.67 1.17 68457.25 16 20
1 20160806 MB267 21.17 8.49 8.11 6.49 1.21 69773.44 16 20
1 20160807 MB267 25.02 8.08 7.82 6.87 1.26 76310.54 16 20
1 20160808 MB267 27.83 8.56 8.3 6.6 1.22 57365.18 16 20
1 20160809 MB267 29.29 8.3 7.96 7.03 1.35 72010.56 16 20
1 20160810 MB267 29.92 8.43 8.13 6.41 1.34 82921.18 16 20
1 20160811 MB267 25.13 8.32 7.98 6.21 1.29 72390.63 16 20
1 20160802 MB276 26.3 8.77 8.54 7.65 1.14 53597.35 16 25
1 20160803 MB276 19.63 8.71 8.43 7.61 1.11 42142.0 16 25
1 20160804 MB276 18.62 8.75 8.35 7.56 1.38 42683.96 16 25
1 20160805 MB276 18.84 8.83 8.42 7.78 1.12 36166.35 16 25
0 20160806 MB276 20.5 9.0 8.57 7.58 1.1 35095.24 16 25
1 20160807 MB276 20.11 8.69 8.33 7.32 0.9 33413.07 16 25
1 20160808 MB276 19.68 9.23 8.8 7.81 1.12 24720.43 16 25
1 20160809 MB276 26.14 8.72 8.29 7.36 1.11 38588.56 16 25
1 20160810 MB276 27.97 8.93 8.51 7.13 1.22 42368.51 16 25
1 20160811 MB276 20.43 8.69 8.29 7.3 1.0 40048.78 16 25
1 20160802 MB286 29.91 7.99 7.37 5.28 2.16 212415.85 16 27
0 20160803 MB286 30.4 7.78 7.24 5.41 2.02 183097.51 16 27
1 20160804 MB286 25.11 7.69 7.21 5.83 1.89 181143.3 16 27
1 20160805 MB286 25.41 7.65 7.1 6.08 1.98 174184.32 16 27
1 20160806 MB286 27.56 8.03 7.34 5.69 2.03 155695.35 16 27
1 20160807 MB286 32.86 7.71 7.27 6.29 1.86 144083.26 16 27
1 20160808 MB286 25.67 8.03 7.47 5.42 2.05 142024.53 16 27
1 20160809 MB286 28.58 7.64 7.11 6.09 1.95 191749.03 16 27
1 20160810 MB286 24.84 7.9 7.39 5.43 2.1 216196.58 16 27
1 20160811 MB286 28.76 7.55 7.12 6.1 1.86 191017.68 16 27
1 20160802 MB319 30.19 9.67 9.45 7.8 1.16 24445.77 16 25
1 20160803 MB319 19.47 9.58 9.32 8.57 1.11 21332.61 16 25
1 20160804 MB319 29.12 9.68 9.41 8.72 1.11 18864.07 16 25
1 20160805 MB319 20.05 9.63 9.3 8.36 0.94 17851.47 16 25
1 20160806 MB319 28.93 10.02 9.68 9.04 1.05 15704.16 16 25
1 20160807 MB319 37.57 9.67 9.33 8.68 1.27 16059.69 16 25
1 20160808 MB319 30.14 10.1 10.01 8.51 1.31 11983.91 16 25
1 20160809 MB319 28.95 9.71 9.37 8.79 1.04 17329.05 16 25
1 20160810 MB319 29.84 10.06 9.69 8.71 1.39 17483.87 16 25
1 20160811 MB319 29.04 9.75 9.42 8.48 1.31 17379.24 16 25
1 20160802 MB320 24.55 10.74 10.7 9.67 0.99 5275.46 16 20
1 20160803 MB320 22.06 10.67 10.14 9.57 1.05 4675.37 16 20
1 20160804 MB320 21.3 10.86 10.62 9.83 1.13 4027.37 16 20
1 20160805 MB320 21.16 10.67 10.6 9.58 0.89 4012.92 16 20
1 20160806 MB320 21.83 11.12 10.88 9.86 1.27 3715.66 16 20
1 20160807 MB320 24.32 10.77 10.18 9.61 1.5 3262.53 16 20
0 20160808 MB320 13.61 10.99 11.01 8.93 0.68 2845.65 16 20
1 20160809 MB320 23.13 10.8 10.65 9.65 1.53 3995.6 16 20
1 20160810 MB320 24.13 11.14 10.76 9.92 1.84 4435.58 16 20
1 20160811 MB320 22.19 10.8 10.7 9.76 1.03 3791.05 16 20
1 20160802 MB332 18.03 7.51 7.03 5.38 0.85 89574.2 16 25
1 20160803 MB332 16.3 7.42 7.06 5.56 0.8 76588.97 16 25
1 20160804 MB332 17.38 7.46 7.39 5.58 0.87 73258.65 16 25
1 20160805 MB332 17.26 7.21 6.74 5.81 0.86 78141.23 16 25
1 20160806 MB332 16.69 7.51 7.47 5.39 0.79 74255.15 16 25
0 20160807 MB332 16.47 7.42 7.35 6.35 0.83 61842.81 16 25
1 20160808 MB332 18.86 7.82 7.74 5.93 0.91 50625.96 16 25
1 20160809 MB332 17.8 7.37 6.89 5.5 0.81 73486.1 16 25
1 20160810 MB332 17.2 7.6 7.1 5.14 0.87 77160.78 16 25
1 20160811 MB332 16.82 7.33 6.83 5.89 0.87 75129.5 16 25
1 20160802 MB351 23.92 10.24 10.08 9.5 0.88 4423.65 16 25
1 20160803 MB351 15.07 9.82 9.69 9.11 0.53 4652.91 16 25
0 20160804 MB351 23.93 10.01 9.86 9.29 1.12 3875.67 16 25
1 20160805 MB351 14.67 9.7 9.56 8.99 0.48 4696.65 16 25
1 20160806 MB351 24.1 9.84 9.77 9.19 0.83 4662.13 16 25
0 20160807 MB351 14.16 9.75 9.64 9.06 0.62 4006.34 16 25
1 20160808 MB351 14.71 10.34 10.18 9.61 0.57 2646.16 16 25
0 20160809 MB351 14.81 9.8 9.65 9.08 0.56 4488.51 16 25
1 20160810 MB351 23.71 9.95 9.73 8.08 0.99 5462.46 16 25
0 20160811 MB351 14.08 9.84 9.68 9.1 0.63 4379.2 16 25
1 20160802 MB358 19.29 8.53 8.14 7.56 0.98 31952.67 16 25
0 20160803 MB358 19.5 8.43 8.03 7.45 0.98 26247.81 16 25
1 20160804 MB358 19.02 8.44 8.0 7.06 0.98 27296.87 16 25
1 20160805 MB358 18.85 8.29 7.89 7.31 1.02 27646.79 16 25
1 20160806 MB358 18.48 8.61 8.22 7.28 0.86 25634.51 16 25
1 20160807 MB358 19.85 8.42 8.01 7.43 1.05 23713.2 16 25
0 20160808 MB358 17.85 8.85 8.46 7.88 0.95 18991.51 16 25
1 20160809 MB358 18.83 8.38 7.95 7.01 1.05 27961.29 16 25
1 20160810 MB358 19.95 8.71 8.34 7.4 0.9 28712.12 16 25
1 20160811 MB358 19.32 8.38 7.98 7.41 0.93 28102.98 16 25
0 20160802 MB361 18.05 7.65 7.36 5.26 1.08 95980.74 16 25
0 20160803 MB361 16.93 7.47 7.18 5.35 1.07 84021.38 16 25
1 20160804 MB361 17.5 7.58 7.56 5.21 0.97 80786.1 16 25
0 20160805 MB361 24.57 7.46 7.38 6.11 1.04 82129.79 16 25
0 20160806 MB361 18.04 7.3 7.07 4.73 1.02 91251.19 16 25
1 20160807 MB361 23.13 7.21 7.02 5.76 1.12 83050.75 16 25
0 20160808 MB361 18.4 7.76 7.63 4.98 1.06 61397.3 16 25
0 20160809 MB361 17.76 7.07 6.69 5.31 1.04 97367.59 16 25
1 20160810 MB361 24.28 7.7 7.62 5.28 1.08 81814.24 16 25
0 20160811 MB361 23.09 7.08 6.94 5.67 1.09 93769.16 16 25
1 20160802 MB362 26.81 14.65 13.44 13.1 3.68 366.28 16 25
1 20160803 MB362 26.96 14.26 13.03 12.46 3.73 356.59 16 25
1 20160804 MB362 26.74 15.07 13.03 12.55 4.89 467.25 16 25
1 20160805 MB362 26.61 13.34 12.88 12.3 2.48 413.46 16 25
1 20160806 MB362 27.5 14.41 12.57 12.0 4.52 504.47 16 25
1 20160807 MB362 13.81 13.18 13.36 12.52 0.32 276.81 16 25
1 20160808 MB362 28.21 14.92 12.72 12.14 5.14 402.92 16 25
1 20160809 MB362 14.99 13.41 13.02 12.75 0.66 254.75 16 25
1 20160810 MB362 27.47 14.91 13.46 12.43 4.55 402.45 16 25
1 20160811 MB362 26.95 14.63 12.95 12.57 4.55 365.86 16 25
1 20160802 MB363 23.32 7.46 7.37 5.28 1.16 103417.68 16 20
1 20160803 MB363 23.74 7.38 7.24 5.41 1.25 88571.67 16 20
1 20160804 MB363 23.97 7.44 7.35 6.34 1.32 85222.1 16 20
1 20160805 MB363 23.79 7.38 7.31 6.29 1.18 80100.46 16 20
1 20160806 MB363 19.3 7.74 7.65 6.3 1.19 69955.45 16 20
1 20160807 MB363 23.36 7.49 7.39 6.37 1.31 66624.41 16 20
1 20160808 MB363 24.03 7.68 7.51 5.11 1.36 63754.2 16 20
1 20160809 MB363 17.69 7.23 7.11 5.28 1.24 90400.76 16 20
1 20160810 MB363 18.65 7.41 7.27 5.44 1.26 103136.74 16 20
1 20160811 MB363 18.34 7.19 7.12 6.1 1.14 89727.26 16 20
1 20160802 MB365 12.46 8.45 8.29 7.35 0.66 22231.8 16 25
1 20160803 MB365 12.05 8.38 8.21 7.63 0.66 18120.01 16 25
1 20160804 MB365 12.74 8.22 8.07 7.5 0.66 20118.69 16 25
1 20160805 MB365 12.11 8.22 8.03 7.45 0.68 19244.04 16 25
1 20160806 MB365 12.3 8.6 8.39 7.45 0.68 17234.89 16 25
1 20160807 MB365 12.4 8.51 8.3 7.73 0.69 13825.08 16 25
1 20160808 MB365 13.19 8.94 8.73 7.08 0.67 10758.31 16 25
1 20160809 MB365 11.94 8.36 8.16 7.58 0.68 17784.7 16 25
0 20160810 MB365 12.64 8.56 8.36 7.79 0.69 19029.11 16 25
1 20160811 MB365 12.42 8.29 8.08 7.5 0.69 18835.82 16 25
1 20160802 MB371 26.22 8.11 7.92 6.23 1.37 87401.26 17 20
1 20160803 MB371 24.82 8.04 7.78 6.61 1.42 71697.68 17 20
1 20160804 MB371 25.31 8.02 7.76 6.96 1.4 75573.19 17 20
1 20160805 MB371 26.34 7.92 7.76 6.76 1.61 76515.64 17 20
1 20160806 MB371 25.36 8.39 7.98 5.94 2.26 67675.93 17 20
1 20160807 MB371 25.32 7.87 7.68 6.72 1.44 68118.16 17 20
1 20160808 MB371 25.67 8.41 8.19 6.47 1.59 52492.07 17 20
1 20160809 MB371 24.49 7.93 7.8 6.44 1.52 73581.38 17 20
1 20160810 MB371 25.33 8.21 8.06 5.62 1.56 75545.12 17 20
1 20160811 MB371 24.71 8.05 7.8 6.49 1.55 68238.96 17 20
1 20160802 MB377 20.16 8.37 8.17 6.4 1.26 70613.52 16 20
1 20160803 MB377 24.53 8.71 7.88 7.27 2.5 69810.23 16 20
1 20160804 MB377 19.66 7.97 7.81 6.04 1.45 72566.87 16 20
1 20160805 MB377 23.36 8.01 7.82 6.62 1.08 69463.42 16 20
1 20160806 MB377 20.16 8.34 8.27 6.88 0.95 55564.32 16 20
1 20160807 MB377 24.01 8.17 8.02 7.36 0.98 49651.27 16 20
1 20160808 MB377 21.19 8.6 8.49 6.86 0.95 39511.19 16 20
1 20160809 MB377 27.37 8.12 8.03 7.31 0.94 57457.1 16 20
1 20160810 MB377 20.77 8.44 8.26 6.88 0.94 58734.29 16 20
1 20160811 MB377 20.36 8.14 7.98 7.39 0.89 57196.0 16 20
0 20160802 MB381 17.83 10.76 8.48 7.61 3.9 36967.48 16 25
0 20160803 MB381 17.54 10.8 8.52 7.49 3.91 31703.71 16 25
0 20160804 MB381 18.39 10.58 8.48 6.64 3.82 32122.55 16 25
0 20160805 MB381 16.56 10.78 8.43 7.41 3.93 30104.71 16 25
1 20160806 MB381 17.59 11.07 8.64 6.8 4.01 30394.23 16 25
0 20160807 MB381 16.49 10.87 8.35 7.33 3.96 29648.37 16 25
1 20160808 MB381 18.2 11.3 8.65 7.0 4.13 22499.04 16 25
1 20160809 MB381 18.19 10.81 8.48 7.46 3.9 29889.06 16 25
1 20160810 MB381 18.07 10.99 8.65 6.87 4.03 30877.43 16 25
1 20160811 MB381 17.4 10.69 8.44 7.42 3.92 29001.56 16 25
1 20160802 MB382 17.15 8.51 8.37 7.4 0.49 52784.08 16 25
0 20160803 MB382 17.0 8.4 8.26 7.61 0.56 45334.88 16 25
1 20160804 MB382 16.89 8.27 8.27 7.28 0.56 49342.15 16 25
1 20160805 MB382 17.79 8.42 8.3 7.57 0.51 40753.91 16 25
1 20160806 MB382 17.07 8.6 8.52 7.05 0.44 41395.2 16 25
1 20160807 MB382 17.09 8.41 8.33 7.57 0.46 36504.21 16 25
1 20160808 MB382 17.89 8.9 8.92 7.53 0.5 27519.35 16 25
1 20160809 MB382 16.94 8.41 8.31 7.61 0.49 41053.82 16 25
1 20160810 MB382 18.03 8.62 8.55 7.17 0.47 44614.0 16 25
0 20160811 MB382 17.73 8.4 8.22 7.58 0.52 42403.27 16 25
1 20160802 MB391 12.3 10.51 10.6 9.58 0.59 5414.52 16 20
1 20160803 MB391 11.68 10.3 9.96 9.39 0.57 5159.46 16 20
1 20160804 MB391 21.95 10.58 10.14 9.57 1.12 4283.25 16 20
1 20160805 MB391 20.93 10.4 10.39 9.37 0.91 4618.38 16 20
1 20160806 MB391 24.37 10.57 10.04 9.46 1.53 4874.51 16 20
1 20160807 MB391 11.3 10.12 10.2 9.33 0.38 4979.97 16 20
1 20160808 MB391 15.12 10.55 10.62 9.74 0.49 3979.09 16 20
1 20160809 MB391 21.97 10.3 9.85 9.27 0.98 4809.78 16 20
1 20160810 MB391 12.1 10.69 10.75 9.36 0.53 4872.47 16 20
1 20160811 MB391 11.65 10.44 10.5 9.47 0.56 4508.69 16 20
1 20160802 MB392 26.97 13.31 14.27 8.12 2.81 107448.46 16 26
1 20160803 MB392 26.92 12.76 14.94 7.82 3.53 73115.02 16 26
1 20160804 MB392 27.15 12.79 15.18 7.84 3.67 67238.81 16 26
1 20160805 MB392 26.67 13.04 14.97 7.87 3.79 64984.3 16 26
1 20160806 MB392 27.83 13.83 15.39 8.34 3.82 60143.02 16 26
1 20160807 MB392 26.8 13.27 14.99 8.03 3.61 55362.08 16 26
1 20160808 MB392 29.26 13.42 16.0 7.36 4.07 43899.65 16 26
1 20160809 MB392 27.78 12.71 14.98 7.7 3.8 67970.98 16 26
1 20160810 MB392 35.41 13.26 15.2 6.92 3.8 77180.49 16 26
1 20160811 MB392 26.47 12.81 14.88 7.78 3.78 69918.04 16 26
1 20160802 MB409 21.49 9.06 8.95 8.01 0.66 22949.81 16 22
1 20160803 MB409 22.05 8.7 8.5 7.93 0.71 23389.49 16 22
1 20160804 MB409 21.43 8.97 8.86 8.29 0.61 18945.47 16 22
1 20160805 MB409 21.33 8.81 8.72 8.15 0.57 19303.34 16 22
0 20160806 MB409 21.33 9.2 8.98 7.27 0.7 17055.88 16 22
1 20160807 MB409 21.8 9.02 8.82 8.24 0.62 14790.77 16 22
1 20160808 MB409 23.65 9.31 9.24 7.86 0.68 13192.84 16 22
1 20160809 MB409 21.49 9.05 8.85 8.28 0.82 17191.93 16 22
1 20160810 MB409 20.94 9.26 9.09 8.51 1.04 19341.61 16 22
1 20160811 MB409 22.0 8.96 8.85 8.27 0.91 18211.42 16 22
0 20160802 MB410 17.81 8.02 7.79 5.98 1.09 63565.26 16 20
0 20160803 MB410 18.79 7.87 7.22 6.28 1.1 53935.61 16 20
0 20160804 MB410 17.99 7.88 7.24 6.3 1.09 53345.52 16 20
0 20160805 MB410 17.1 7.61 6.96 6.39 1.13 60030.81 16 20
1 20160806 MB410 20.18 7.75 7.16 5.77 1.1 59255.46 16 20
0 20160807 MB410 19.54 7.72 7.09 5.7 1.12 48128.44 16 20
0 20160808 MB410 17.96 8.04 7.42 5.46 1.09 42615.38 16 20
1 20160809 MB410 27.21 7.9 7.25 6.67 1.11 51746.05 16 20
1 20160810 MB410 18.34 8.02 7.39 5.43 1.08 56612.75 16 20
0 20160811 MB410 19.23 7.86 7.61 6.61 1.16 53330.32 16 20
1 20160802 MB414 20.62 8.1 7.91 6.53 0.76 56830.82 16 20
1 20160803 MB414 19.85 7.8 7.66 7.09 0.79 55772.79 16 20
1 20160804 MB414 19.78 7.87 7.74 6.36 0.85 51689.29 16 20
1 20160805 MB414 20.16 7.76 7.58 7.0 0.79 50490.66 16 20
1 20160806 MB414 18.64 8.01 7.82 7.25 0.77 50795.31 16 20
1 20160807 MB414 19.21 7.72 7.51 6.94 0.75 47255.6 16 20
1 20160808 MB414 19.43 8.2 7.98 6.75 0.72 38554.54 16 20
1 20160809 MB414 21.08 7.74 7.58 7.0 0.79 52754.34 16 20
1 20160810 MB414 19.74 7.94 7.81 6.21 0.72 57511.79 16 20
1 20160811 MB414 19.32 7.79 7.62 7.04 0.78 50466.59 16 20
0 20160802 MB419 20.69 8.48 8.2 6.52 0.82 52216.21 16 25
0 20160803 MB419 19.21 8.59 8.26 7.28 0.73 40172.46 16 25
0 20160804 MB419 18.55 8.51 8.33 7.39 0.92 42070.66 16 25
0 20160805 MB419 17.35 7.91 7.85 6.79 0.73 63319.57 16 25
0 20160806 MB419 19.52 8.28 8.13 6.3 0.86 52098.1 16 25
0 20160807 MB419 17.45 8.19 8.1 7.15 0.59 46769.4 16 25
0 20160808 MB419 18.16 8.57 8.34 6.69 0.6 36590.86 16 25
0 20160809 MB419 16.62 8.11 8.07 7.05 0.7 54722.84 16 25
0 20160810 MB419 18.6 8.78 8.5 6.43 0.71 41852.5 16 25
0 20160811 MB419 17.37 8.41 8.24 7.38 0.7 42517.34 16 25
1 20160802 MB420 24.1 6.01 5.67 4.73 0.99 235462.71 16 20
1 20160803 MB420 21.53 5.84 5.48 4.55 0.98 212112.48 16 20
1 20160804 MB420 24.33 5.88 5.53 4.59 0.98 200449.91 16 20
1 20160805 MB420 23.61 5.84 5.49 4.56 1.02 186313.51 16 20
1 20160806 MB420 18.53 6.12 5.76 4.38 0.97 179897.01 16 20
1 20160807 MB420 23.85 5.85 5.5 4.56 0.98 168010.65 16 20
1 20160808 MB420 24.47 6.35 6.0 4.62 1.02 128600.62 16 20
1 20160809 MB420 17.39 5.86 5.52 4.58 0.98 187530.28 16 20
1 20160810 MB420 18.65 6.07 5.73 4.09 0.98 204395.65 16 20
1 20160811 MB420 18.77 5.82 5.48 4.54 0.99 193557.41 16 20
0 20160802 MB425 15.33 10.68 10.56 9.99 0.67 2850.46 16 25
1 20160803 MB425 14.11 10.53 10.36 9.78 0.76 2664.4 16 25
1 20160804 MB425 13.96 10.44 10.29 9.71 0.78 2840.62 16 25
0 20160805 MB425 14.18 10.33 10.19 9.62 0.69 2779.09 16 25
0 20160806 MB425 15.14 10.6 10.46 9.07 0.62 2534.28 16 25
1 20160807 MB425 14.07 10.32 10.1 9.53 0.79 2724.13 16 25
0 20160808 MB425 14.63 10.88 10.71 10.13 0.68 1806.12 16 25
0 20160809 MB425 14.4 10.25 10.14 9.57 0.71 2973.84 16 25
1 20160810 MB425 14.92 10.5 10.39 9.45 0.67 3035.77 16 25
0 20160811 MB425 14.2 10.53 10.35 9.78 0.72 2378.67 16 25
0 20160802 MB431 24.95 8.92 8.29 7.72 1.13 33949.39 16 25
1 20160803 MB431 35.26 8.84 8.2 7.63 1.21 28495.56 16 25
1 20160804 MB431 17.94 8.89 8.25 7.68 1.01 28188.42 16 25
1 20160805 MB431 34.29 8.96 8.28 7.7 1.28 25581.57 16 25
0 20160806 MB431 34.99 9.48 9.27 8.25 1.25 21351.93 16 25
1 20160807 MB431 34.28 9.13 8.96 7.94 1.14 21754.87 16 25
0 20160808 MB431 23.85 9.51 9.33 7.23 1.08 15401.62 16 25
1 20160809 MB431 34.05 8.79 8.16 7.58 1.27 26102.8 16 25
1 20160810 MB431 34.48 9.17 8.55 7.16 1.11 26566.02 16 25
0 20160811 MB431 22.67 8.74 8.12 7.55 1.06 27436.01 16 25
1 20160802 MB436 19.34 8.76 8.71 7.32 0.85 36772.41 16 20
1 20160803 MB436 18.67 8.48 7.98 7.4 0.82 33865.8 16 20
1 20160804 MB436 18.66 8.54 8.17 7.47 0.77 32045.78 16 20
1 20160805 MB436 18.46 8.47 8.0 7.06 0.84 31094.69 16 20
1 20160806 MB436 20.35 8.91 8.83 7.82 0.93 25924.11 16 20
1 20160807 MB436 18.94 8.72 8.58 7.56 1.29 25921.7 16 20
1 20160808 MB436 19.8 9.11 8.61 7.23 0.93 18407.56 16 20
1 20160809 MB436 19.35 8.52 8.04 7.47 0.84 31029.36 16 20
1 20160810 MB436 20.09 8.86 8.35 7.78 0.99 29958.52 16 20
1 20160811 MB436 19.22 8.43 8.37 7.35 0.8 33182.25 16 20
0 20160802 MB438 20.36 8.86 8.55 6.43 0.92 55182.02 16 25
0 20160803 MB438 26.03 8.82 8.49 6.83 0.89 43864.38 16 25
0 20160804 MB438 25.56 8.72 8.51 7.05 0.84 46830.68 16 25
0 20160805 MB438 24.99 8.79 8.69 7.74 1.11 41196.24 16 25
0 20160806 MB438 22.85 9.04 8.76 7.1 1.0 37460.25 16 25
1 20160807 MB438 20.46 8.95 8.77 7.89 1.06 34646.9 16 25
0 20160808 MB438 21.76 9.27 9.05 7.28 0.97 29169.56 16 25
0 20160809 MB438 20.35 8.84 8.47 7.81 0.99 40960.37 16 25
0 20160810 MB438 21.81 9.1 9.0 6.95 0.98 42363.17 16 25
0 20160811 MB438 27.13 8.76 8.63 7.59 0.91 43211.82 16 25
1 20160802 MB440 32.58 6.93 6.67 4.83 1.58 191936.4 16 25
1 20160803 MB440 28.59 6.86 6.79 5.77 1.4 134381.04 16 25
1 20160804 MB440 28.87 6.89 6.76 5.38 1.58 136932.49 16 25
1 20160805 MB440 27.84 6.82 6.73 5.34 1.42 128004.77 16 25
1 20160806 MB440 32.42 7.21 6.95 5.12 1.77 142502.59 16 25
1 20160807 MB440 34.06 6.79 6.55 5.35 1.53 125300.41 16 25
1 20160808 MB440 36.13 7.23 7.16 5.33 1.49 99716.68 16 25
1 20160809 MB440 27.12 6.72 6.54 5.69 1.38 143491.28 16 25
1 20160810 MB440 27.79 6.98 6.89 5.06 1.52 152483.97 16 25
1 20160811 MB440 26.78 6.79 6.67 5.33 1.43 136794.43 16 25
1 20160802 RTS1 22.04 10.31 9.83 9.25 1.51 6734.68 20 20
1 20160803 RTS1 20.93 10.87 10.1 9.08 2.97 7150.78 20 20
1 20160804 RTS1 21.65 10.86 9.92 8.9 3.15 7409.38 20 20
1 20160805 RTS1 21.22 10.27 9.59 9.02 1.93 5852.85 20 20
1 20160806 RTS1 22.72 10.65 9.79 9.22 2.38 5642.11 20 20
1 20160807 RTS1 20.4 9.87 9.39 8.81 1.52 6001.28 20 20
1 20160808 RTS1 22.61 10.4 9.95 9.37 1.46 4055.16 20 20
1 20160809 RTS1 20.59 10.12 9.53 8.96 1.82 6095.16 20 20
1 20160810 RTS1 20.51 10.23 9.87 9.29 0.82 7036.73 20 20
1 20160811 RTS1 20.53 10.31 9.73 9.15 1.53 5626.75 20 20
1 20160802 RTS10 33.22 9.24 8.13 6.74 2.86 70192.35 16 20
1 20160803 RTS10 33.7 8.62 7.8 6.93 2.34 60304.92 16 20
1 20160804 RTS10 24.6 8.74 7.97 6.97 2.42 58159.58 16 20
1 20160805 RTS10 34.83 8.76 8.0 6.63 2.57 52538.37 16 20
1 20160806 RTS10 47.38 9.66 8.31 7.4 3.82 60008.84 16 20
1 20160807 RTS10 33.54 8.16 7.74 6.72 2.16 63687.94 16 20
1 20160808 RTS10 34.96 9.19 8.39 6.78 2.68 40129.33 16 20
1 20160809 RTS10 35.91 8.41 7.64 6.85 2.5 69100.98 16 20
1 20160810 RTS10 32.41 8.9 8.2 6.37 2.43 60733.26 16 20
1 20160811 RTS10 33.81 8.47 7.92 6.92 2.13 57718.41 16 20
1 20160802 RTS13 20.57 6.24 6.02 3.96 1.18 289087.42 16 20
1 20160803 RTS13 22.58 6.12 5.48 4.11 1.2 244702.54 16 20
1 20160804 RTS13 22.83 6.09 5.49 3.85 1.2 240260.97 16 20
1 20160805 RTS13 20.8 6.06 5.44 4.51 1.24 228942.4 16 20
1 20160806 RTS13 21.89 6.4 5.76 3.82 1.18 213486.99 16 20
1 20160807 RTS13 21.88 5.99 5.37 4.0 1.16 214519.36 16 20
1 20160808 RTS13 22.98 6.54 5.9 3.95 1.21 165607.37 16 20
1 20160809 RTS13 21.91 6.09 5.46 4.53 1.16 232663.62 16 20
1 20160810 RTS13 23.43 6.37 5.85 3.79 1.18 243934.43 16 20
1 20160811 RTS13 21.03 6.11 5.47 4.54 1.17 227696.45 16 20
1 20160802 RTS14 15.01 9.04 8.96 8.39 0.48 11765.24 16 25
1 20160803 RTS14 14.21 8.85 8.78 8.2 0.45 10470.99 16 25
0 20160804 RTS14 14.76 8.89 8.81 8.23 0.41 10156.59 16 25
0 20160805 RTS14 15.88 8.91 8.84 8.26 0.4 9026.55 16 25
0 20160806 RTS14 14.84 9.29 9.2 8.63 0.43 7725.67 16 25
1 20160807 RTS14 14.72 8.99 8.89 8.31 0.49 7790.67 16 25
0 20160808 RTS14 14.71 9.58 9.48 8.54 0.47 5334.48 16 25
0 20160809 RTS14 15.14 8.91 8.83 8.25 0.42 9323.79 16 25
1 20160810 RTS14 14.89 9.37 9.25 8.68 0.49 8347.45 16 25
0 20160811 RTS14 14.82 9.01 8.93 8.35 0.4 8483.51 16 25
0 20160802 RTS19 32.0 10.63 10.58 8.86 1.81 8699.31 16 29
0 20160803 RTS19 21.75 10.73 10.35 9.77 1.81 6687.74 16 29
0 20160804 RTS19 21.66 10.68 10.33 9.75 1.76 6931.65 16 29
0 20160805 RTS19 22.32 10.58 10.21 9.54 1.72 6759.46 16 29
0 20160806 RTS19 22.09 11.01 10.66 9.15 1.97 6035.37 16 29
0 20160807 RTS19 21.51 10.86 10.65 10.02 1.4 4115.52 16 29
0 20160808 RTS19 22.03 11.02 10.74 9.98 1.68 4056.43 16 29
0 20160809 RTS19 30.96 10.61 10.33 9.76 1.34 5610.19 16 29
0 20160810 RTS19 22.29 10.82 10.57 9.19 1.64 6719.95 16 29
1 20160811 RTS19 22.29 10.73 10.45 9.87 1.3 5139.7 16 29
1 20160802 RTS2 12.85 9.67 9.47 8.9 0.69 7755.67 16 25
1 20160803 RTS2 12.91 9.37 9.23 8.66 0.66 7053.0 16 25
1 20160804 RTS2 12.94 9.11 8.95 8.38 0.66 8771.13 16 25
0 20160805 RTS2 14.45 9.35 9.24 8.67 0.64 6192.91 16 25
0 20160806 RTS2 12.99 9.92 9.68 9.1 0.69 5487.83 16 25
0 20160807 RTS2 13.52 9.12 8.93 8.36 0.71 6095.17 16 25
1 20160808 RTS2 12.06 9.85 9.49 8.91 0.7 5306.64 16 25
0 20160809 RTS2 12.12 9.6 9.3 8.73 0.69 6615.42 16 25
0 20160810 RTS2 12.31 10.18 9.89 9.32 0.63 5477.98 16 25
0 20160811 RTS2 11.58 10.02 9.76 9.18 0.51 5473.17 16 25
1 20160802 RTS21 31.78 7.43 7.36 5.4 0.84 48623.89 16 25
1 20160803 RTS21 14.48 7.42 7.34 5.38 0.71 37326.11 16 25
1 20160804 RTS21 31.19 7.37 7.27 5.31 0.85 38889.09 16 25
1 20160805 RTS21 14.71 7.43 7.31 5.92 0.74 34786.56 16 25
1 20160806 RTS21 18.48 7.37 7.4 5.45 0.82 36790.94 16 25
1 20160807 RTS21 18.9 7.46 7.38 6.0 0.74 29216.6 16 25
1 20160808 RTS21 19.13 7.26 7.31 5.35 0.82 34712.71 16 25
1 20160809 RTS21 30.95 7.22 7.15 5.77 0.96 39990.78 16 25
1 20160810 RTS21 30.4 7.11 7.03 5.08 1.01 49383.53 16 25
1 20160811 RTS21 30.11 7.54 7.39 6.45 1.04 33509.95 16 25
1 20160802 RTS24 19.53 8.2 7.82 6.41 0.88 57668.07 16 25
1 20160803 RTS24 18.24 8.08 7.8 6.35 0.85 50915.3 16 25
1 20160804 RTS24 17.95 8.12 7.88 6.8 0.87 50063.17 16 25
1 20160805 RTS24 18.3 7.98 7.54 6.97 0.94 48449.72 16 25
0 20160806 RTS24 19.4 7.87 7.44 5.79 0.89 52029.39 16 25
1 20160807 RTS24 17.89 7.62 7.16 6.58 0.9 50065.05 16 25
1 20160808 RTS24 16.25 7.13 6.75 5.37 0.95 67425.48 16 25
1 20160809 RTS24 17.57 7.37 6.93 6.36 0.87 68105.33 16 25
0 20160810 RTS24 18.82 6.72 6.34 4.96 0.96 124753.56 16 25
1 20160811 RTS24 18.31 7.31 6.86 6.29 0.95 73066.4 16 25
1 20160802 RTS25 42.53 10.54 8.11 5.65 5.39 130050.15 16 25
1 20160803 RTS25 34.3 10.77 8.26 6.5 5.18 136496.77 16 25
1 20160804 RTS25 41.51 11.12 8.19 5.68 5.46 144122.13 16 25
1 20160805 RTS25 41.03 11.45 8.5 6.0 5.25 188567.05 16 25
1 20160806 RTS25 45.47 11.73 12.19 5.61 4.66 292408.09 16 25
1 20160807 RTS25 42.73 11.25 11.84 5.78 4.85 216839.21 16 25
1 20160808 RTS25 36.56 11.67 12.32 5.07 3.87 271911.27 16 25
1 20160809 RTS25 43.15 10.82 12.15 5.67 4.21 260744.25 16 25
1 20160810 RTS25 44.24 11.32 11.96 5.5 3.86 329756.87 16 25
1 20160811 RTS25 43.97 11.0 11.94 6.2 4.31 223024.21 16 25
1 20160802 RTS27 17.57 6.1 5.47 3.84 1.74 266513.36 16 25
1 20160803 RTS27 16.1 5.94 5.37 3.73 1.61 218323.91 16 25
1 20160804 RTS27 18.11 5.94 5.34 3.97 1.67 222136.35 16 25
1 20160805 RTS27 16.15 5.81 5.31 4.38 1.51 202207.78 16 25
1 20160806 RTS27 16.35 6.34 5.42 3.48 2.12 243872.23 16 25
1 20160807 RTS27 16.39 5.97 5.3 4.36 1.77 194435.56 16 25
1 20160808 RTS27 17.05 6.26 5.61 3.67 1.75 174698.17 16 25
1 20160809 RTS27 16.2 5.84 5.28 4.35 1.61 216547.93 16 25
1 20160810 RTS27 16.4 6.04 5.49 3.55 1.62 237597.37 16 25
1 20160811 RTS27 16.17 5.75 5.27 4.33 1.49 213453.52 16 25
1 20160802 RTS28 59.94 5.75 5.38 3.75 1.35 289478.87 16 25
1 20160803 RTS28 60.05 5.6 5.24 3.61 1.38 242991.42 16 25
1 20160804 RTS28 44.72 5.6 5.27 3.63 1.19 234159.79 16 25
0 20160805 RTS28 42.08 5.54 5.19 3.82 1.12 227959.97 16 25
0 20160806 RTS28 39.03 5.99 5.62 3.68 1.14 198118.89 16 25
1 20160807 RTS28 41.61 5.74 5.35 4.41 1.22 189121.08 16 25
0 20160808 RTS28 42.44 6.08 5.72 4.08 1.06 161395.49 16 25
0 20160809 RTS28 44.16 5.57 5.22 3.85 1.16 229002.85 16 25
0 20160810 RTS28 38.13 5.83 5.48 3.55 1.15 242812.4 16 25
1 20160811 RTS28 41.93 5.56 5.2 3.83 1.16 233512.09 16 25
1 20160802 RTS31 28.0 7.85 6.92 4.96 3.2 94379.8 16 27
1 20160803 RTS31 27.08 7.77 6.89 4.93 3.01 72801.71 16 27
1 20160804 RTS31 26.81 7.62 6.94 4.99 2.39 67762.41 16 27
1 20160805 RTS31 27.24 7.59 6.9 5.52 2.26 65159.28 16 27
1 20160806 RTS31 26.75 7.47 6.96 5.0 1.92 69635.57 16 27
1 20160807 RTS31 26.02 7.33 6.79 5.85 1.64 62088.34 16 27
1 20160808 RTS31 27.89 7.32 6.84 4.89 1.67 61740.95 16 27
1 20160809 RTS31 26.88 7.48 6.94 5.56 1.71 63271.17 16 27
1 20160810 RTS31 27.02 7.54 7.05 5.09 1.71 72226.74 16 27
1 20160811 RTS31 26.16 7.44 6.87 5.93 1.99 66802.27 16 27
1 20160802 RTS32 36.29 8.52 7.69 5.59 2.6 98850.57 16 25
1 20160803 RTS32 26.78 8.41 7.57 6.3 2.48 95333.06 16 25
1 20160804 RTS32 36.59 8.48 7.43 6.36 2.58 96984.16 16 25
1 20160805 RTS32 26.25 8.35 7.19 6.28 2.69 122329.59 16 25
1 20160806 RTS32 33.78 7.85 7.13 4.98 2.42 179052.32 16 25
1 20160807 RTS32 25.04 7.79 7.16 5.92 2.26 129211.35 16 25
1 20160808 RTS32 24.78 7.18 6.16 5.59 1.95 156829.09 16 25
1 20160809 RTS32 23.85 7.5 6.79 5.77 2.08 147998.13 16 25
1 20160810 RTS32 25.5 7.29 6.69 4.87 2.0 187837.03 16 25
1 20160811 RTS32 24.12 7.62 6.99 5.61 2.1 135940.11 16 25
1 20160802 RTS35 32.19 7.18 6.52 4.56 1.26 145262.39 16 26
1 20160803 RTS35 24.94 7.0 6.34 5.41 1.22 127045.43 16 26
1 20160804 RTS35 23.05 7.01 6.34 4.7 1.26 124827.15 16 26
1 20160805 RTS35 24.76 6.88 6.22 5.29 1.4 125433.33 16 26
1 20160806 RTS35 32.79 7.13 6.47 5.09 1.43 118187.6 16 26
1 20160807 RTS35 25.04 6.85 6.22 5.65 1.35 109169.1 16 26
0 20160808 RTS35 24.95 7.33 6.71 5.06 1.2 89967.72 16 26
0 20160809 RTS35 25.12 6.99 6.36 5.78 1.17 119360.0 16 26
0 20160810 RTS35 23.55 7.15 6.56 4.91 1.17 122232.58 16 26
0 20160811 RTS35 16.91 6.9 6.28 5.34 1.11 123211.67 16 26
1 20160802 RTS36 23.71 8.38 8.16 6.77 1.01 25023.96 16 20
1 20160803 RTS36 20.08 8.33 8.14 7.56 0.97 19310.63 16 20
1 20160804 RTS36 19.53 8.37 8.16 7.59 0.96 19102.44 16 20
1 20160805 RTS36 19.5 8.42 8.18 7.6 0.92 17360.66 16 20
1 20160806 RTS36 23.94 8.79 8.56 7.17 1.01 14596.97 16 20
1 20160807 RTS36 13.39 8.4 8.22 7.65 0.81 14437.34 16 20
1 20160808 RTS36 32.83 9.12 8.81 7.42 1.56 10384.06 16 20
1 20160809 RTS36 32.64 8.4 8.14 7.57 1.34 18131.94 16 20
1 20160810 RTS36 20.43 8.64 8.43 7.05 0.96 17895.05 16 20
1 20160811 RTS36 23.59 8.34 8.13 7.55 0.94 17948.0 16 20
1 20160802 RTS37 16.83 7.09 6.74 4.79 0.77 98244.42 16 25
1 20160803 RTS37 16.77 6.93 6.6 5.21 0.78 82338.3 16 25
1 20160804 RTS37 16.93 6.91 6.6 5.22 0.76 79696.07 16 25
1 20160805 RTS37 15.88 6.82 6.51 5.57 0.79 77916.9 16 25
1 20160806 RTS37 17.05 6.96 6.65 4.69 0.79 83244.84 16 25
1 20160807 RTS37 17.37 6.73 6.44 5.87 0.8 73934.37 16 25
1 20160808 RTS37 16.53 6.81 6.51 4.56 0.75 83414.31 16 25
1 20160809 RTS37 16.72 6.66 6.38 5.45 0.85 86797.93 16 25
1 20160810 RTS37 15.36 7.07 6.74 4.79 0.77 88128.56 16 25
1 20160811 RTS37 16.66 6.77 6.44 5.51 0.84 83847.49 16 25
0 20160802 RTS4 28.27 7.83 7.24 5.86 1.36 83495.36 16 29
1 20160803 RTS4 29.17 7.72 7.57 6.2 1.44 82086.19 16 29
1 20160804 RTS4 27.62 7.65 7.43 6.21 1.4 84977.05 16 29
1 20160805 RTS4 27.32 7.31 6.85 6.16 1.27 99277.1 16 29
1 20160806 RTS4 29.53 7.1 6.81 4.98 1.78 146531.29 16 29
1 20160807 RTS4 34.94 7.21 6.81 5.87 1.99 119788.65 16 29
1 20160808 RTS4 29.22 6.95 6.16 5.2 1.9 144281.06 16 29
1 20160809 RTS4 29.22 7.15 6.54 5.77 2.01 145187.9 16 29
1 20160810 RTS4 29.9 7.1 6.69 5.31 2.04 179952.39 16 29
1 20160811 RTS4 32.17 7.3 6.67 5.61 1.96 127270.94 16 29
1 20160802 RTS43 34.69 8.18 6.61 5.22 3.22 222093.65 16 25
1 20160803 RTS43 34.63 7.81 6.38 4.57 3.23 192546.15 16 25
1 20160804 RTS43 40.44 8.07 6.56 5.18 3.25 177682.29 16 25
1 20160805 RTS43 34.87 8.15 6.67 5.29 3.29 148088.0 16 25
1 20160806 RTS43 35.73 8.51 7.32 6.19 3.07 124064.27 16 25
1 20160807 RTS43 41.17 8.2 6.99 5.57 3.0 119398.41 16 25
1 20160808 RTS43 37.24 8.76 7.58 5.95 3.23 94803.36 16 25
1 20160809 RTS43 40.66 7.86 6.51 5.13 2.95 169847.51 16 25
1 20160810 RTS43 32.32 7.76 6.81 5.54 2.7 217398.85 16 25
1 20160811 RTS43 31.79 7.75 7.16 5.47 2.71 192076.22 16 25
1 20160802 RTS5 27.75 8.94 8.2 7.63 1.7 33032.79 16 25
1 20160803 RTS5 25.89 8.45 7.57 6.99 1.92 44494.17 16 25
1 20160804 RTS5 27.04 8.41 7.43 6.85 2.25 47949.78 16 25
1 20160805 RTS5 26.23 7.7 6.85 6.28 2.12 64305.78 16 25
1 20160806 RTS5 17.53 7.07 6.81 4.98 1.38 134191.51 16 25
1 20160807 RTS5 25.71 7.05 6.5 5.92 1.51 74610.99 16 25
1 20160808 RTS5 25.99 6.54 6.16 5.2 1.47 106851.83 16 25
1 20160809 RTS5 24.65 6.81 6.34 5.77 1.36 91965.34 16 25
1 20160810 RTS5 24.73 6.74 6.25 5.31 1.59 128358.47 16 25
1 20160811 RTS5 25.3 7.03 6.55 5.61 1.51 77359.75 16 25
1 20160802 RTS6 19.86 8.81 8.2 7.63 1.62 28175.76 16 20
1 20160803 RTS6 19.05 8.15 7.57 6.99 1.6 35750.66 16 20
1 20160804 RTS6 20.3 7.96 7.43 6.85 1.61 38992.38 16 20
0 20160805 RTS6 18.7 7.36 6.85 6.28 1.6 56072.97 16 20
1 20160806 RTS6 18.74 7.02 6.36 4.98 1.67 106904.69 16 20
1 20160807 RTS6 24.37 7.42 6.5 5.92 2.11 80413.35 16 20
1 20160808 RTS6 17.58 7.19 6.16 5.2 2.16 134194.19 16 20
1 20160809 RTS6 18.36 7.17 6.34 5.77 1.94 102846.0 16 20
1 20160810 RTS6 17.87 7.2 6.69 4.87 2.02 172929.05 16 20
1 20160811 RTS6 18.45 7.45 6.55 5.61 2.03 92622.12 16 20
