date max mean median min stdv sum topic n1 no st rt
20170729 7.99 1.37 0.99 0.98 0.85 10297.01 RTS101 0.6245 0.5745 10.0 3.0
20170730 11.73 1.64 1.21 1.14 0.9 10439.51 RTS101 0.6245 0.5745 10.0 3.0
20170731 15.79 1.75 1.27 1.26 0.86 10916.79 RTS101 0.6245 0.5745 10.0 3.0
20170801 19.08 1.71 1.25 1.23 0.88 11163.48 RTS101 0.6245 0.5745 10.0 3.0
20170802 13.02 1.53 1.08 1.07 0.99 10946.03 RTS101 0.6245 0.5745 10.0 3.0
20170803 15.83 1.58 1.08 1.07 1.11 12756.48 RTS101 0.6245 0.5745 10.0 3.0
20170804 14.94 1.13 0.78 0.76 0.87 13311.23 RTS101 0.6245 0.5745 10.0 3.0
20170805 11.96 1.44 0.98 0.97 0.89 11237.2 RTS101 0.6245 0.5745 10.0 3.0
20170729 6.37 1.91 1.71 1.52 0.58 14055.56 RTS104 0.1603 0.1603 6.0 3.0
20170730 6.5 2.1 1.92 1.63 0.62 14193.97 RTS104 0.1603 0.1603 6.0 3.0
20170731 5.65 1.99 1.76 1.56 0.6 15075.08 RTS104 0.1603 0.1603 6.0 3.0
20170801 4.67 2.01 1.78 1.6 0.6 15121.44 RTS104 0.1603 0.1603 6.0 3.0
20170802 5.53 1.98 1.84 1.54 0.6 13784.09 RTS104 0.1603 0.1603 6.0 3.0
20170803 7.08 1.94 1.69 1.59 0.57 16073.55 RTS104 0.1603 0.1603 6.0 3.0
20170804 5.71 1.98 1.71 1.65 0.59 15686.37 RTS104 0.1603 0.1603 6.0 3.0
20170805 5.57 2.06 1.81 1.69 0.6 13118.36 RTS104 0.1603 0.1603 6.0 3.0
20170729 16.28 2.31 1.85 1.81 0.81 8863.75 RTS105 0.4942 0.4942 10.0 3.0
20170730 8.73 2.32 2.15 1.79 0.69 10951.53 RTS105 0.4942 0.4942 10.0 3.0
20170731 11.49 2.5 2.41 1.93 0.72 10384.73 RTS105 0.4942 0.4942 10.0 3.0
20170801 12.61 2.5 1.92 1.89 0.78 9842.56 RTS105 0.4942 0.4942 10.0 3.0
20170802 12.3 2.56 2.01 1.98 0.8 8460.38 RTS105 0.4942 0.4942 10.0 3.0
20170803 12.94 2.58 2.0 1.98 0.81 9619.41 RTS105 0.4942 0.4942 10.0 3.0
20170804 12.15 2.44 1.93 1.91 0.83 9792.3 RTS105 0.4942 0.4942 10.0 3.0
20170805 4.82 2.37 1.92 1.89 0.75 8821.75 RTS105 0.4942 0.4942 10.0 3.0
20170729 9.45 0.52 0.32 0.27 0.59 15207.74 RTS106 0.4236 0.3736 8.5 6.0
20170730 9.7 0.57 0.36 0.32 0.64 16236.37 RTS106 0.4236 0.3736 8.5 6.0
20170731 9.16 0.53 0.33 0.3 0.62 16976.41 RTS106 0.4236 0.3736 8.5 6.0
20170801 8.61 0.52 0.32 0.31 0.63 17236.71 RTS106 0.4236 0.3736 8.5 6.0
20170802 7.87 0.52 0.32 0.3 0.61 16058.76 RTS106 0.4236 0.3736 8.5 6.0
20170803 9.28 0.55 0.34 0.31 0.6 17879.73 RTS106 0.4236 0.3736 8.5 6.0
20170804 7.43 0.55 0.33 0.31 0.59 18390.21 RTS106 0.4236 0.3736 8.5 6.0
20170805 9.67 0.52 0.32 0.3 0.58 15747.54 RTS106 0.4236 0.3736 8.5 6.0
20170729 14.39 1.94 1.58 1.46 0.84 15963.48 RTS111 0.5832 0.5707 9.5 6.0
20170730 14.43 2.14 1.9 1.58 0.81 16732.71 RTS111 0.5832 0.5707 9.5 6.0
20170731 13.11 1.83 1.44 1.38 0.79 18840.62 RTS111 0.5832 0.5707 9.5 6.0
20170801 13.0 1.76 1.41 1.3 0.76 19905.78 RTS111 0.5832 0.5707 9.5 6.0
20170802 8.25 1.84 1.51 1.35 0.77 17034.02 RTS111 0.5832 0.5707 9.5 6.0
20170803 7.84 1.79 1.4 1.35 0.77 19942.57 RTS111 0.5832 0.5707 9.5 6.0
20170804 13.39 1.79 1.4 1.37 0.77 20559.41 RTS111 0.5832 0.5707 9.5 6.0
20170805 12.8 1.98 1.72 1.43 0.74 16781.12 RTS111 0.5832 0.5707 9.5 6.0
20170729 8.69 2.17 1.67 1.65 0.84 8365.97 RTS113 0.159 0.159 6.0 3.0
20170730 8.72 2.42 1.86 1.81 0.89 8720.06 RTS113 0.159 0.159 6.0 3.0
20170731 12.21 2.41 2.23 1.86 0.87 9073.51 RTS113 0.159 0.159 6.0 3.0
20170801 12.17 2.25 1.69 1.68 0.97 9618.31 RTS113 0.159 0.159 6.0 3.0
20170802 12.03 2.19 1.63 1.61 0.9 8902.47 RTS113 0.159 0.159 6.0 3.0
20170803 8.05 2.31 1.77 1.67 0.84 9732.36 RTS113 0.159 0.159 6.0 3.0
20170804 8.12 2.3 1.8 1.78 0.83 9632.58 RTS113 0.159 0.159 6.0 3.0
20170805 8.38 2.39 1.88 1.85 0.84 7904.8 RTS113 0.159 0.159 6.0 3.0
20170729 9.21 2.73 2.57 2.14 0.74 10553.54 RTS114 0.5538 0.5538 10.5 3.0
20170730 9.06 2.88 2.47 2.45 0.7 10427.77 RTS114 0.5538 0.5538 10.5 3.0
20170731 9.94 2.74 2.55 2.27 0.72 13672.29 RTS114 0.5538 0.5538 10.5 3.0
20170801 8.81 2.76 2.47 2.34 0.64 12796.53 RTS114 0.5538 0.5538 10.5 3.0
20170802 8.57 2.67 2.42 2.16 0.69 11367.99 RTS114 0.5538 0.5538 10.5 3.0
20170803 11.36 2.48 2.26 2.06 0.66 14091.11 RTS114 0.5538 0.5538 10.5 3.0
20170804 10.31 2.54 2.51 1.97 0.72 14346.94 RTS114 0.5538 0.5538 10.5 3.0
20170805 8.78 2.89 2.67 2.34 0.71 10732.85 RTS114 0.5538 0.5538 10.5 3.0
20170729 8.61 2.45 1.96 1.94 0.8 6335.55 RTS115 0.6365 0.524 7.5 6.0
20170730 8.34 2.63 2.13 2.11 0.86 6269.24 RTS115 0.6365 0.524 7.5 6.0
20170731 12.3 2.37 1.86 1.84 1.03 7180.48 RTS115 0.6365 0.524 7.5 6.0
20170801 8.0 2.14 1.66 1.64 0.9 7967.35 RTS115 0.6365 0.524 7.5 6.0
20170802 8.23 2.08 1.64 1.62 0.82 7337.25 RTS115 0.6365 0.524 7.5 6.0
20170803 11.59 1.89 1.49 1.47 0.78 9926.6 RTS115 0.6365 0.524 7.5 6.0
20170804 8.81 2.04 1.64 1.62 0.75 9268.29 RTS115 0.6365 0.524 7.5 6.0
20170805 8.65 2.19 1.75 1.74 0.77 7407.01 RTS115 0.6365 0.524 7.5 6.0
20170729 5.58 1.68 1.47 1.39 0.46 14732.94 RTS116 0.1427 0.1427 6.0 3.0
20170730 5.81 1.8 1.57 1.51 0.55 14588.44 RTS116 0.1427 0.1427 6.0 3.0
20170731 5.19 1.59 1.45 1.26 0.52 16402.9 RTS116 0.1427 0.1427 6.0 3.0
20170801 7.36 1.58 1.36 1.3 0.51 16981.98 RTS116 0.1427 0.1427 6.0 3.0
20170802 6.37 1.61 1.37 1.33 0.5 15286.42 RTS116 0.1427 0.1427 6.0 3.0
20170803 6.35 1.63 1.49 1.3 0.5 16330.99 RTS116 0.1427 0.1427 6.0 3.0
20170804 5.17 1.63 1.57 1.3 0.48 16601.0 RTS116 0.1427 0.1427 6.0 3.0
20170805 5.95 1.68 1.57 1.32 0.54 13593.48 RTS116 0.1427 0.1427 6.0 3.0
20170729 10.57 1.92 1.81 1.4 0.69 14281.25 RTS118 0.5 0.5 11.0 3.0
20170730 8.34 2.06 1.95 1.52 0.64 15886.06 RTS118 0.5 0.5 11.0 3.0
20170731 8.73 1.91 1.81 1.37 0.66 16751.58 RTS118 0.5 0.5 11.0 3.0
20170801 8.35 1.86 1.71 1.35 0.68 16933.62 RTS118 0.5 0.5 11.0 3.0
20170802 10.45 1.87 1.76 1.35 0.7 15137.59 RTS118 0.5 0.5 11.0 3.0
20170803 7.38 1.91 1.74 1.4 0.67 17001.97 RTS118 0.5 0.5 11.0 3.0
20170804 11.49 1.86 1.74 1.35 0.69 17097.23 RTS118 0.5 0.5 11.0 3.0
20170805 7.74 1.9 1.83 1.35 0.73 14456.41 RTS118 0.5 0.5 11.0 3.0
20170729 9.22 2.99 2.95 2.62 0.62 5042.16 RTS119 0.7332 0.7207 9.0 6.0
20170730 9.78 3.11 3.11 2.7 0.71 5205.95 RTS119 0.7332 0.7207 9.0 6.0
20170731 9.98 3.07 3.12 2.67 0.61 5379.42 RTS119 0.7332 0.7207 9.0 6.0
20170801 15.43 3.03 2.61 2.59 0.68 5689.32 RTS119 0.7332 0.7207 9.0 6.0
20170802 9.36 2.96 2.91 2.61 0.61 5174.27 RTS119 0.7332 0.7207 9.0 6.0
20170803 7.04 2.7 2.32 2.31 0.68 7146.5 RTS119 0.7332 0.7207 9.0 6.0
20170804 7.03 2.67 2.56 2.39 0.59 7048.25 RTS119 0.7332 0.7207 9.0 6.0
20170805 9.0 2.87 2.7 2.62 0.54 5753.67 RTS119 0.7332 0.7207 9.0 6.0
20170729 10.07 2.71 2.24 2.23 0.7 5570.36 RTS120 0.5999 0.5999 6.0 3.0
20170730 10.65 2.82 2.37 2.32 0.66 5957.6 RTS120 0.5999 0.5999 6.0 3.0
20170731 10.14 2.81 2.35 2.34 0.69 6000.48 RTS120 0.5999 0.5999 6.0 3.0
20170801 13.74 2.66 2.19 2.18 0.78 6187.74 RTS120 0.5999 0.5999 6.0 3.0
20170802 10.94 2.64 2.18 2.17 0.74 5506.37 RTS120 0.5999 0.5999 6.0 3.0
20170803 11.01 2.73 2.28 2.27 0.72 6039.58 RTS120 0.5999 0.5999 6.0 3.0
20170804 6.99 2.6 2.15 2.14 0.72 6529.57 RTS120 0.5999 0.5999 6.0 3.0
20170805 10.35 2.68 2.23 2.22 0.64 5879.14 RTS120 0.5999 0.5999 6.0 3.0
20170729 7.55 1.71 1.74 1.26 0.54 16836.56 RTS123 0.25 0.25 8.0 3.0
20170730 7.88 1.82 1.82 1.37 0.51 18118.39 RTS123 0.25 0.25 8.0 3.0
20170731 7.78 1.67 1.7 1.2 0.53 19751.4 RTS123 0.25 0.25 8.0 3.0
20170801 8.56 1.71 1.72 1.25 0.52 19978.48 RTS123 0.25 0.25 8.0 3.0
20170802 5.9 1.71 1.71 1.25 0.53 17832.06 RTS123 0.25 0.25 8.0 3.0
20170803 7.04 1.73 1.79 1.26 0.54 19651.24 RTS123 0.25 0.25 8.0 3.0
20170804 7.26 1.74 1.76 1.28 0.52 20078.58 RTS123 0.25 0.25 8.0 3.0
20170805 7.69 1.75 1.74 1.34 0.51 17314.05 RTS123 0.25 0.25 8.0 3.0
20170729 10.6 1.63 1.48 1.46 0.67 10595.49 RTS125 0.3288 0.3038 11.0 6.0
20170730 12.07 1.75 1.62 1.56 0.66 11085.19 RTS125 0.3288 0.3038 11.0 6.0
20170731 11.22 1.56 1.3 1.28 0.68 11985.38 RTS125 0.3288 0.3038 11.0 6.0
20170801 10.74 1.58 1.31 1.29 0.72 12335.83 RTS125 0.3288 0.3038 11.0 6.0
20170802 11.31 1.55 1.25 1.24 0.7 10869.34 RTS125 0.3288 0.3038 11.0 6.0
20170803 11.46 1.59 1.31 1.28 0.63 12191.34 RTS125 0.3288 0.3038 11.0 6.0
20170804 12.34 1.64 1.4 1.38 0.71 12119.74 RTS125 0.3288 0.3038 11.0 6.0
20170805 7.85 1.71 1.58 1.52 0.66 10380.98 RTS125 0.3288 0.3038 11.0 6.0
20170729 10.71 2.64 2.69 2.0 0.73 10466.18 RTS126 0.236 0.211 8.5 5.5
20170730 12.26 2.8 2.95 2.09 0.8 10358.41 RTS126 0.236 0.211 8.5 5.5
20170731 8.69 2.57 2.95 1.86 0.79 11723.26 RTS126 0.236 0.211 8.5 5.5
20170801 15.31 2.63 2.63 1.98 0.75 12236.8 RTS126 0.236 0.211 8.5 5.5
20170802 11.65 2.73 2.87 2.02 0.77 10486.07 RTS126 0.236 0.211 8.5 5.5
20170803 11.24 2.69 2.87 1.98 0.78 11631.37 RTS126 0.236 0.211 8.5 5.5
20170804 10.72 2.75 2.87 2.06 0.76 11629.62 RTS126 0.236 0.211 8.5 5.5
20170805 15.87 2.7 2.84 1.98 0.88 10015.16 RTS126 0.236 0.211 8.5 5.5
20170729 5.14 2.19 2.08 2.06 0.25 8923.09 RTS127 0.0447 0.0447 6.0 3.0
20170730 5.48 2.26 2.19 1.96 0.31 9574.17 RTS127 0.0447 0.0447 6.0 3.0
20170731 5.0 2.07 1.94 1.89 0.29 10746.66 RTS127 0.0447 0.0447 6.0 3.0
20170801 6.23 2.07 1.96 1.91 0.29 11140.71 RTS127 0.0447 0.0447 6.0 3.0
20170802 3.73 1.68 1.68 1.47 0.23 12747.25 RTS127 0.0447 0.0447 6.0 3.0
20170803 5.57 2.04 1.96 1.83 0.29 11154.89 RTS127 0.0447 0.0447 6.0 3.0
20170804 4.17 1.89 1.85 1.69 0.27 12981.16 RTS127 0.0447 0.0447 6.0 3.0
20170805 4.71 2.05 1.98 1.91 0.29 10520.0 RTS127 0.0447 0.0447 6.0 3.0
20170729 6.87 2.13 2.15 1.34 0.69 18816.07 RTS130 0.2202 0.2202 6.0 3.0
20170730 8.04 2.21 2.15 1.6 0.66 19145.82 RTS130 0.2202 0.2202 6.0 3.0
20170731 6.08 2.07 2.05 1.46 0.59 21070.45 RTS130 0.2202 0.2202 6.0 3.0
20170801 6.21 2.11 2.19 1.41 0.66 21036.69 RTS130 0.2202 0.2202 6.0 3.0
20170802 7.34 2.0 2.16 1.27 0.67 20249.42 RTS130 0.2202 0.2202 6.0 3.0
20170803 7.51 2.04 2.06 1.3 0.67 21927.43 RTS130 0.2202 0.2202 6.0 3.0
20170804 6.6 1.93 1.99 1.23 0.66 22589.99 RTS130 0.2202 0.2202 6.0 3.0
20170805 7.94 1.95 1.95 1.22 0.71 18983.43 RTS130 0.2202 0.2202 6.0 3.0
20170729 6.17 2.05 1.64 1.62 0.67 8658.68 RTS132 0.2041 0.2041 6.0 3.0
20170730 7.03 2.18 1.74 1.72 0.71 8898.91 RTS132 0.2041 0.2041 6.0 3.0
20170731 7.77 2.26 1.85 1.83 0.57 9445.66 RTS132 0.2041 0.2041 6.0 3.0
20170801 7.71 2.35 1.86 1.84 0.75 8771.02 RTS132 0.2041 0.2041 6.0 3.0
20170802 8.66 2.3 1.81 1.8 0.78 7586.43 RTS132 0.2041 0.2041 6.0 3.0
20170803 7.16 2.01 1.56 1.54 0.82 8861.01 RTS132 0.2041 0.2041 6.0 3.0
20170804 6.55 2.05 1.61 1.59 0.81 8832.59 RTS132 0.2041 0.2041 6.0 3.0
20170805 7.3 2.14 1.67 1.66 0.85 7418.95 RTS132 0.2041 0.2041 6.0 3.0
20170729 6.75 1.05 0.82 0.77 0.57 25368.19 RTS136 0.125 0.125 10.0 3.0
20170730 6.75 1.11 0.84 0.71 0.61 27533.99 RTS136 0.125 0.125 10.0 3.0
20170731 7.06 1.02 0.8 0.61 0.61 29896.07 RTS136 0.125 0.125 10.0 3.0
20170801 6.34 1.01 0.81 0.63 0.6 30093.56 RTS136 0.125 0.125 10.0 3.0
20170802 7.46 1.05 0.82 0.7 0.6 26704.36 RTS136 0.125 0.125 10.0 3.0
20170803 6.87 0.97 0.76 0.64 0.57 30162.24 RTS136 0.125 0.125 10.0 3.0
20170804 9.92 0.98 0.75 0.65 0.58 30087.86 RTS136 0.125 0.125 10.0 3.0
20170805 7.48 1.05 0.78 0.73 0.61 26154.02 RTS136 0.125 0.125 10.0 3.0
20170729 8.6 2.25 2.05 1.84 0.67 9257.18 RTS138 0.4585 0.396 8.5 6.0
20170730 8.74 1.7 1.67 1.11 0.76 12849.06 RTS138 0.4585 0.396 8.5 6.0
20170731 7.5 2.39 2.17 2.0 0.62 9960.55 RTS138 0.4585 0.396 8.5 6.0
20170801 7.49 2.21 1.76 1.73 0.68 10766.33 RTS138 0.4585 0.396 8.5 6.0
20170802 7.43 2.34 2.2 1.88 0.61 9610.79 RTS138 0.4585 0.396 8.5 6.0
20170803 8.35 2.33 2.11 1.92 0.58 11085.64 RTS138 0.4585 0.396 8.5 6.0
20170804 8.37 2.39 2.17 2.0 0.56 10849.37 RTS138 0.4585 0.396 8.5 6.0
20170805 8.65 2.3 2.01 1.99 0.62 9390.93 RTS138 0.4585 0.396 8.5 6.0
20170729 7.22 3.18 2.92 2.9 0.5 2952.46 RTS139 0.4501 0.4501 6.0 3.0
20170730 6.96 3.38 3.11 3.1 0.51 2964.34 RTS139 0.4501 0.4501 6.0 3.0
20170731 7.02 3.19 2.95 2.93 0.47 3404.06 RTS139 0.4501 0.4501 6.0 3.0
20170801 9.64 3.07 2.91 2.88 0.44 3934.7 RTS139 0.4501 0.4501 6.0 3.0
20170802 6.78 2.91 2.81 2.79 0.38 3935.69 RTS139 0.4501 0.4501 6.0 3.0
20170803 9.17 3.0 2.7 2.68 0.6 3891.4 RTS139 0.4501 0.4501 6.0 3.0
20170804 6.77 3.24 2.95 2.94 0.56 3390.18 RTS139 0.4501 0.4501 6.0 3.0
20170805 7.04 3.3 3.03 3.02 0.51 2828.54 RTS139 0.4501 0.4501 6.0 3.0
20170729 8.61 1.93 1.66 1.65 0.62 5614.87 RTS144 0.2046 0.2046 9.0 3.0
20170730 7.36 2.17 1.86 1.81 0.67 6038.34 RTS144 0.2046 0.2046 9.0 3.0
20170731 8.54 2.2 1.87 1.86 0.73 5910.44 RTS144 0.2046 0.2046 9.0 3.0
20170801 8.36 1.97 1.69 1.68 0.71 6388.4 RTS144 0.2046 0.2046 9.0 3.0
20170802 8.91 1.9 1.62 1.61 0.7 5937.44 RTS144 0.2046 0.2046 9.0 3.0
20170803 9.02 2.05 1.76 1.67 0.67 6258.03 RTS144 0.2046 0.2046 9.0 3.0
20170804 8.96 2.08 1.79 1.78 0.67 6148.79 RTS144 0.2046 0.2046 9.0 3.0
20170805 9.73 2.17 1.87 1.85 0.67 5245.24 RTS144 0.2046 0.2046 9.0 3.0
20170729 4.77 0.77 0.32 0.27 0.72 29344.37 RTS147 0.0 0.0 10.0 3.0
20170730 5.78 0.83 0.36 0.32 0.71 31855.43 RTS147 0.0 0.0 10.0 3.0
20170731 4.83 0.76 0.33 0.3 0.64 34213.31 RTS147 0.0 0.0 10.0 3.0
20170801 5.0 0.75 0.32 0.31 0.66 34347.5 RTS147 0.0 0.0 10.0 3.0
20170802 4.75 0.76 0.32 0.3 0.67 31686.56 RTS147 0.0 0.0 10.0 3.0
20170803 4.97 0.79 0.34 0.31 0.66 35719.87 RTS147 0.0 0.0 10.0 3.0
20170804 5.16 0.79 0.33 0.31 0.64 36712.05 RTS147 0.0 0.0 10.0 3.0
20170805 4.82 0.77 0.32 0.3 0.63 33000.99 RTS147 0.0 0.0 10.0 3.0
20170729 7.87 1.72 1.65 1.32 0.72 13224.05 RTS148 0.2759 0.2759 6.0 3.0
20170730 12.49 1.96 1.79 1.54 0.83 13495.29 RTS148 0.2759 0.2759 6.0 3.0
20170731 8.42 1.74 1.55 1.39 0.72 15089.46 RTS148 0.2759 0.2759 6.0 3.0
20170801 12.09 1.7 1.55 1.3 0.77 15966.54 RTS148 0.2759 0.2759 6.0 3.0
20170802 11.8 1.61 1.57 1.19 0.75 14906.38 RTS148 0.2759 0.2759 6.0 3.0
20170803 10.64 1.63 1.22 1.2 0.76 15855.84 RTS148 0.2759 0.2759 6.0 3.0
20170804 9.87 1.64 1.24 1.21 0.77 16177.39 RTS148 0.2759 0.2759 6.0 3.0
20170805 9.61 1.74 1.69 1.33 0.76 13304.24 RTS148 0.2759 0.2759 6.0 3.0
20170729 9.26 2.45 2.48 2.02 0.59 7281.09 RTS151 0.6349 0.3849 8.0 6.0
20170730 9.54 2.63 2.49 2.29 0.6 7253.94 RTS151 0.6349 0.3849 8.0 6.0
20170731 8.33 2.42 2.39 2.08 0.53 8155.6 RTS151 0.6349 0.3849 8.0 6.0
20170801 13.96 2.37 2.24 2.1 0.58 9079.75 RTS151 0.6349 0.3849 8.0 6.0
20170802 15.45 2.33 1.98 1.96 0.61 8008.63 RTS151 0.6349 0.3849 8.0 6.0
20170803 15.04 2.44 2.37 2.12 0.57 8457.6 RTS151 0.6349 0.3849 8.0 6.0
20170804 14.33 2.41 2.38 2.07 0.67 8852.18 RTS151 0.6349 0.3849 8.0 6.0
20170805 14.21 2.55 2.46 2.23 0.65 7183.4 RTS151 0.6349 0.3849 8.0 6.0
20170729 7.46 1.95 2.04 1.32 0.7 14435.45 RTS153 0.2609 0.1734 7.5 6.0
20170730 7.77 2.02 2.11 1.32 0.72 15549.88 RTS153 0.2609 0.1734 7.5 6.0
20170731 8.01 1.73 1.12 1.1 0.77 17476.87 RTS153 0.2609 0.1734 7.5 6.0
20170801 8.17 1.73 1.13 1.07 0.8 17250.8 RTS153 0.2609 0.1734 7.5 6.0
20170802 9.37 1.78 1.18 1.16 0.8 15254.59 RTS153 0.2609 0.1734 7.5 6.0
20170803 8.2 1.84 1.74 1.14 0.74 17968.39 RTS153 0.2609 0.1734 7.5 6.0
20170804 8.32 1.84 1.89 1.24 0.69 18785.52 RTS153 0.2609 0.1734 7.5 6.0
20170805 8.34 1.83 1.62 1.31 0.65 16979.53 RTS153 0.2609 0.1734 7.5 6.0
20170729 4.96 0.93 0.81 0.53 0.57 24587.61 RTS154 0.0 0.0 10.0 3.0
20170730 5.1 0.99 0.82 0.56 0.6 26429.66 RTS154 0.0 0.0 10.0 3.0
20170731 4.7 0.92 0.79 0.54 0.59 27065.8 RTS154 0.0 0.0 10.0 3.0
20170801 4.65 0.94 0.81 0.54 0.59 27875.83 RTS154 0.0 0.0 10.0 3.0
20170802 4.58 0.9 0.54 0.5 0.58 25150.19 RTS154 0.0 0.0 10.0 3.0
20170803 4.63 0.96 0.76 0.6 0.57 28161.28 RTS154 0.0 0.0 10.0 3.0
20170804 5.45 0.94 0.75 0.58 0.59 28191.99 RTS154 0.0 0.0 10.0 3.0
20170805 6.12 0.94 0.78 0.56 0.59 24900.79 RTS154 0.0 0.0 10.0 3.0
20170729 9.74 2.01 1.72 1.69 0.67 8439.22 RTS156 0.665 0.615 9.5 6.0
20170730 7.43 2.34 2.23 1.92 0.65 9109.36 RTS156 0.665 0.615 9.5 6.0
20170731 10.0 2.24 2.01 1.96 0.67 9299.42 RTS156 0.665 0.615 9.5 6.0
20170801 7.41 2.14 1.97 1.89 0.7 9369.19 RTS156 0.665 0.615 9.5 6.0
20170802 8.83 2.1 1.96 1.85 0.66 8426.08 RTS156 0.665 0.615 9.5 6.0
20170803 8.43 2.03 1.91 1.77 0.65 9922.73 RTS156 0.665 0.615 9.5 6.0
20170804 7.46 2.07 1.88 1.86 0.67 9929.25 RTS156 0.665 0.615 9.5 6.0
20170805 9.18 2.14 1.97 1.91 0.7 8352.63 RTS156 0.665 0.615 9.5 6.0
20170729 10.93 1.34 0.82 0.8 0.79 16253.29 RTS159 0.9125 0.75 9.5 6.0
20170730 6.47 1.43 0.9 0.83 0.83 17023.21 RTS159 0.9125 0.75 9.5 6.0
20170731 8.73 1.31 0.8 0.78 0.79 18768.92 RTS159 0.9125 0.75 9.5 6.0
20170801 8.76 1.37 0.82 0.79 0.78 19999.82 RTS159 0.9125 0.75 9.5 6.0
20170802 10.96 1.37 0.85 0.82 0.75 17954.1 RTS159 0.9125 0.75 9.5 6.0
20170803 5.29 1.35 0.85 0.83 0.7 21317.51 RTS159 0.9125 0.75 9.5 6.0
20170804 11.23 1.41 0.88 0.84 0.72 21217.66 RTS159 0.9125 0.75 9.5 6.0
20170805 8.24 1.36 0.83 0.8 0.77 17829.4 RTS159 0.9125 0.75 9.5 6.0
20170729 10.66 3.07 2.85 1.99 1.08 13312.18 RTS161 0.5921 0.5296 11.0 6.0
20170730 11.95 3.38 2.98 2.22 1.2 12535.38 RTS161 0.5921 0.5296 11.0 6.0
20170731 11.21 3.17 3.15 2.0 1.15 13085.17 RTS161 0.5921 0.5296 11.0 6.0
20170801 8.5 3.07 3.17 1.96 1.09 14174.95 RTS161 0.5921 0.5296 11.0 6.0
20170802 10.14 2.95 2.95 1.95 1.04 13261.06 RTS161 0.5921 0.5296 11.0 6.0
20170803 8.57 3.05 1.93 1.9 1.36 12650.67 RTS161 0.5921 0.5296 11.0 6.0
20170804 8.62 2.98 1.89 1.86 1.38 12891.12 RTS161 0.5921 0.5296 11.0 6.0
20170805 12.0 3.07 1.93 1.91 1.4 10978.91 RTS161 0.5921 0.5296 11.0 6.0
20170729 11.34 3.65 3.52 2.86 1.2 4694.99 RTS162 0.0125 0.0 9.5 6.0
20170730 11.8 4.1 3.71 3.17 1.36 4440.94 RTS162 0.0125 0.0 9.5 6.0
20170731 15.4 3.79 3.56 2.71 1.35 5433.55 RTS162 0.0125 0.0 9.5 6.0
20170801 20.49 3.61 3.19 2.84 1.2 6036.47 RTS162 0.0125 0.0 9.5 6.0
20170802 12.21 3.64 3.41 2.74 1.25 5261.75 RTS162 0.0125 0.0 9.5 6.0
20170803 12.11 3.7 3.54 2.96 1.08 5761.22 RTS162 0.0125 0.0 9.5 6.0
20170804 11.59 4.0 3.57 3.32 1.16 5276.2 RTS162 0.0125 0.0 9.5 6.0
20170805 12.38 4.0 3.52 3.27 1.26 4356.85 RTS162 0.0125 0.0 9.5 6.0
20170729 8.43 0.48 0.24 0.18 0.39 27354.37 RTS164 0.5641 0.5641 6.0 3.0
20170730 8.6 0.54 0.27 0.17 0.41 30626.96 RTS164 0.5641 0.5641 6.0 3.0
20170731 8.32 0.5 0.24 0.19 0.39 30790.33 RTS164 0.5641 0.5641 6.0 3.0
20170801 9.04 0.49 0.24 0.19 0.39 31681.73 RTS164 0.5641 0.5641 6.0 3.0
20170802 7.91 0.49 0.24 0.2 0.39 28651.69 RTS164 0.5641 0.5641 6.0 3.0
20170803 7.92 0.51 0.25 0.19 0.4 31779.88 RTS164 0.5641 0.5641 6.0 3.0
20170804 9.05 0.49 0.23 0.17 0.38 32809.76 RTS164 0.5641 0.5641 6.0 3.0
20170805 8.24 0.47 0.22 0.19 0.38 29003.33 RTS164 0.5641 0.5641 6.0 3.0
20170729 5.19 2.29 2.37 1.82 0.45 10287.43 RTS166 0.3967 0.3967 6.0 5.0
20170730 5.41 2.42 2.52 1.94 0.39 11115.66 RTS166 0.3967 0.3967 6.0 5.0
20170731 5.6 2.35 2.35 1.91 0.43 11249.66 RTS166 0.3967 0.3967 6.0 5.0
20170801 6.39 2.36 2.32 1.93 0.45 11447.69 RTS166 0.3967 0.3967 6.0 5.0
20170802 6.62 2.39 2.4 1.92 0.49 9725.92 RTS166 0.3967 0.3967 6.0 5.0
20170803 6.14 2.28 2.19 1.85 0.45 12065.85 RTS166 0.3967 0.3967 6.0 5.0
20170804 5.35 2.3 2.43 1.84 0.43 12260.96 RTS166 0.3967 0.3967 6.0 5.0
20170805 4.25 2.13 2.24 1.75 0.32 12443.85 RTS166 0.3967 0.3967 6.0 5.0
20170729 13.63 2.43 1.83 1.82 1.09 7295.61 RTS167 0.2221 0.2221 10.0 3.0
20170730 14.18 2.46 1.87 1.84 1.05 7823.96 RTS167 0.2221 0.2221 10.0 3.0
20170731 12.83 2.15 1.63 1.6 0.94 10305.3 RTS167 0.2221 0.2221 10.0 3.0
20170801 9.14 2.51 1.77 1.75 1.2 10912.55 RTS167 0.2221 0.2221 10.0 3.0
20170802 8.82 2.36 1.72 1.7 1.09 10177.68 RTS167 0.2221 0.2221 10.0 3.0
20170803 10.7 2.09 1.59 1.57 0.83 11250.26 RTS167 0.2221 0.2221 10.0 3.0
20170804 13.88 2.26 1.71 1.7 0.94 9622.32 RTS167 0.2221 0.2221 10.0 3.0
20170805 10.64 2.5 1.81 1.8 1.19 7693.1 RTS167 0.2221 0.2221 10.0 3.0
20170729 11.67 2.03 1.59 1.57 0.66 9338.98 RTS171 0.3753 0.3753 6.0 3.0
20170730 10.18 2.15 1.68 1.66 0.7 9876.83 RTS171 0.3753 0.3753 6.0 3.0
20170731 11.66 2.08 1.57 1.56 0.76 9890.36 RTS171 0.3753 0.3753 6.0 3.0
20170801 10.37 1.83 1.37 1.35 0.79 10752.32 RTS171 0.3753 0.3753 6.0 3.0
20170802 5.89 1.73 1.28 1.27 0.81 9829.98 RTS171 0.3753 0.3753 6.0 3.0
20170803 10.11 2.07 1.59 1.57 0.72 10415.25 RTS171 0.3753 0.3753 6.0 3.0
20170804 10.47 2.1 1.62 1.61 0.75 10056.33 RTS171 0.3753 0.3753 6.0 3.0
20170805 7.03 1.92 1.46 1.45 0.75 9449.01 RTS171 0.3753 0.3753 6.0 3.0
20170729 12.35 1.98 1.36 1.33 0.81 12327.66 RTS173 0.6812 0.5937 8.5 6.0
20170730 8.61 2.15 2.05 1.6 0.71 13254.45 RTS173 0.6812 0.5937 8.5 6.0
20170731 6.44 2.08 2.05 1.46 0.7 13898.05 RTS173 0.6812 0.5937 8.5 6.0
20170801 8.6 2.03 1.42 1.41 0.74 14431.84 RTS173 0.6812 0.5937 8.5 6.0
20170802 10.4 1.86 1.29 1.27 0.75 13997.29 RTS173 0.6812 0.5937 8.5 6.0
20170803 8.13 1.87 1.86 1.3 0.7 16129.83 RTS173 0.6812 0.5937 8.5 6.0
20170804 8.66 1.85 1.25 1.23 0.79 15312.75 RTS173 0.6812 0.5937 8.5 6.0
20170805 9.75 1.85 1.24 1.22 0.77 14275.43 RTS173 0.6812 0.5937 8.5 6.0
20170729 11.73 3.99 3.39 3.38 1.2 2312.23 RTS174 0.2738 0.2738 10.0 3.0
20170730 12.79 4.22 3.69 3.67 1.04 2094.22 RTS174 0.2738 0.2738 10.0 3.0
20170731 11.79 3.73 3.16 3.15 1.16 2779.52 RTS174 0.2738 0.2738 10.0 3.0
20170801 16.19 3.73 3.18 3.17 1.13 2836.48 RTS174 0.2738 0.2738 10.0 3.0
20170802 16.22 3.69 3.11 3.1 1.35 2602.12 RTS174 0.2738 0.2738 10.0 3.0
20170803 14.4 3.35 3.16 3.06 0.95 4222.32 RTS174 0.2738 0.2738 10.0 3.0
20170804 12.18 3.68 3.16 3.15 1.03 3217.46 RTS174 0.2738 0.2738 10.0 3.0
20170805 16.16 3.8 3.23 3.22 1.22 2467.85 RTS174 0.2738 0.2738 10.0 3.0
20170729 10.81 1.8 1.58 1.2 0.86 16706.95 RTS176 0.5789 0.5789 10.5 3.0
20170730 10.23 1.88 1.67 1.26 0.87 18542.27 RTS176 0.5789 0.5789 10.5 3.0
20170731 7.77 1.82 1.57 1.18 0.86 19557.67 RTS176 0.5789 0.5789 10.5 3.0
20170801 8.2 1.67 1.36 1.14 0.83 20619.38 RTS176 0.5789 0.5789 10.5 3.0
20170802 7.32 1.53 1.27 1.0 0.86 19140.13 RTS176 0.5789 0.5789 10.5 3.0
20170803 9.74 1.74 1.58 1.11 0.87 20226.1 RTS176 0.5789 0.5789 10.5 3.0
20170804 7.18 1.79 1.61 1.17 0.86 19862.03 RTS176 0.5789 0.5789 10.5 3.0
20170805 8.48 1.7 1.45 1.14 0.88 17191.01 RTS176 0.5789 0.5789 10.5 3.0
20170729 10.54 2.34 1.76 1.74 0.81 9707.45 RTS177 0.6503 0.6503 10.0 3.0
20170730 8.14 2.49 1.86 1.84 0.83 10295.79 RTS177 0.6503 0.6503 10.0 3.0
20170731 9.15 2.34 1.75 1.73 0.81 10908.29 RTS177 0.6503 0.6503 10.0 3.0
20170801 9.01 2.34 1.77 1.75 0.78 11522.26 RTS177 0.6503 0.6503 10.0 3.0
20170802 9.66 2.29 1.71 1.69 0.77 10576.29 RTS177 0.6503 0.6503 10.0 3.0
20170803 9.31 2.4 1.79 1.77 0.8 10919.9 RTS177 0.6503 0.6503 10.0 3.0
20170804 7.85 2.4 1.8 1.78 0.76 11266.05 RTS177 0.6503 0.6503 10.0 3.0
20170805 9.19 2.22 1.63 1.62 0.83 10396.61 RTS177 0.6503 0.6503 10.0 3.0
20170729 10.93 1.96 1.49 1.34 0.79 18872.27 RTS179 0.008 0.008 6.0 3.0
20170730 9.46 2.07 1.64 1.6 0.76 19831.79 RTS179 0.008 0.008 6.0 3.0
20170731 10.24 1.91 1.63 1.46 0.67 21460.34 RTS179 0.008 0.008 6.0 3.0
20170801 8.76 2.0 1.6 1.41 0.78 21271.32 RTS179 0.008 0.008 6.0 3.0
20170802 10.62 1.94 1.68 1.27 0.78 19856.49 RTS179 0.008 0.008 6.0 3.0
20170803 10.65 1.97 1.65 1.3 0.81 21007.44 RTS179 0.008 0.008 6.0 3.0
20170804 8.47 1.89 1.64 1.23 0.83 21071.25 RTS179 0.008 0.008 6.0 3.0
20170805 8.78 1.8 1.53 1.22 0.79 18791.51 RTS179 0.008 0.008 6.0 3.0
20170729 7.86 0.85 0.32 0.27 0.77 38505.7 RTS182 0.3859 0.3859 7.0 3.0
20170730 7.4 0.94 0.37 0.32 0.8 41162.52 RTS182 0.3859 0.3859 7.0 3.0
20170731 7.52 0.88 0.33 0.3 0.75 44264.73 RTS182 0.3859 0.3859 7.0 3.0
20170801 6.8 0.87 0.33 0.31 0.75 44632.22 RTS182 0.3859 0.3859 7.0 3.0
20170802 8.07 0.87 0.33 0.3 0.73 41307.8 RTS182 0.3859 0.3859 7.0 3.0
20170803 7.07 0.91 0.35 0.31 0.75 46403.23 RTS182 0.3859 0.3859 7.0 3.0
20170804 7.96 0.89 0.34 0.31 0.75 45401.51 RTS182 0.3859 0.3859 7.0 3.0
20170805 7.09 0.86 0.33 0.3 0.75 39504.34 RTS182 0.3859 0.3859 7.0 3.0
20170729 5.14 1.36 1.05 0.92 0.57 24646.2 RTS186 0.0 0.0 10.0 3.0
20170730 5.07 1.45 1.22 0.9 0.63 25478.68 RTS186 0.0 0.0 10.0 3.0
20170731 5.49 1.21 0.88 0.83 0.6 28682.95 RTS186 0.0 0.0 10.0 3.0
20170801 5.23 1.23 0.92 0.84 0.59 30050.71 RTS186 0.0 0.0 10.0 3.0
20170802 4.95 1.21 0.88 0.85 0.58 26738.22 RTS186 0.0 0.0 10.0 3.0
20170803 5.45 1.28 0.94 0.91 0.56 29667.13 RTS186 0.0 0.0 10.0 3.0
20170804 5.21 1.36 1.07 0.94 0.53 29773.45 RTS186 0.0 0.0 10.0 3.0
20170805 4.88 1.36 1.09 0.93 0.53 26045.16 RTS186 0.0 0.0 10.0 3.0
20170729 6.61 1.9 1.57 1.54 0.79 6000.0 RTS187 0.17 0.17 6.0 3.0
20170730 6.91 1.98 1.67 1.65 0.79 6141.73 RTS187 0.17 0.17 6.0 3.0
20170731 6.57 1.88 1.56 1.55 0.8 6401.82 RTS187 0.17 0.17 6.0 3.0
20170801 6.36 1.71 1.43 1.42 0.78 7094.13 RTS187 0.17 0.17 6.0 3.0
20170802 6.47 1.73 1.39 1.38 0.77 6636.81 RTS187 0.17 0.17 6.0 3.0
20170803 6.83 1.82 1.51 1.49 0.74 7114.97 RTS187 0.17 0.17 6.0 3.0
20170804 6.32 1.8 1.51 1.48 0.8 7058.6 RTS187 0.17 0.17 6.0 3.0
20170805 5.41 1.9 1.56 1.53 0.76 6477.16 RTS187 0.17 0.17 6.0 3.0
20170729 10.23 2.45 2.13 2.02 0.78 9975.47 RTS190 0.4432 0.4057 10.5 3.0
20170730 13.6 2.51 2.11 2.06 0.96 11082.73 RTS190 0.4432 0.4057 10.5 3.0
20170731 14.3 2.5 2.36 1.96 0.9 10832.53 RTS190 0.4432 0.4057 10.5 3.0
20170801 17.35 2.37 2.33 1.84 0.82 12140.74 RTS190 0.4432 0.4057 10.5 3.0
20170802 14.17 2.32 2.12 1.87 0.74 10885.63 RTS190 0.4432 0.4057 10.5 3.0
20170803 14.86 2.29 2.1 1.95 0.67 12272.66 RTS190 0.4432 0.4057 10.5 3.0
20170804 14.74 2.3 2.19 1.93 0.67 12394.99 RTS190 0.4432 0.4057 10.5 3.0
20170805 8.65 2.19 2.01 1.8 0.65 11483.08 RTS190 0.4432 0.4057 10.5 3.0
20170729 8.35 3.54 3.62 2.93 0.63 5082.62 RTS193 0.2369 0.2369 6.0 3.0
20170730 9.49 3.64 3.73 3.05 0.67 5362.31 RTS193 0.2369 0.2369 6.0 3.0
20170731 8.16 3.51 3.44 2.99 0.56 5951.73 RTS193 0.2369 0.2369 6.0 3.0
20170801 11.59 3.46 3.6 2.86 0.67 6271.56 RTS193 0.2369 0.2369 6.0 3.0
20170802 8.43 3.4 3.62 2.71 0.77 5525.03 RTS193 0.2369 0.2369 6.0 3.0
20170803 8.25 3.41 3.54 2.79 0.75 6534.11 RTS193 0.2369 0.2369 6.0 3.0
20170804 7.8 3.37 3.01 2.95 0.58 7045.64 RTS193 0.2369 0.2369 6.0 3.0
20170805 9.2 3.61 3.58 3.14 0.6 5508.44 RTS193 0.2369 0.2369 6.0 3.0
20170729 14.06 0.69 0.32 0.29 0.8 21871.73 RTS204 0.3972 0.3972 10.0 3.0
20170730 11.14 0.78 0.37 0.27 0.91 24043.18 RTS204 0.3972 0.3972 10.0 3.0
20170731 12.15 0.65 0.29 0.24 0.8 26435.66 RTS204 0.3972 0.3972 10.0 3.0
20170801 12.8 0.61 0.26 0.23 0.76 27244.61 RTS204 0.3972 0.3972 10.0 3.0
20170802 11.36 0.63 0.27 0.23 0.77 24242.62 RTS204 0.3972 0.3972 10.0 3.0
20170803 14.77 0.59 0.26 0.23 0.75 27564.32 RTS204 0.3972 0.3972 10.0 3.0
20170804 12.56 0.62 0.27 0.25 0.77 27858.81 RTS204 0.3972 0.3972 10.0 3.0
20170805 11.25 0.67 0.3 0.25 0.81 23752.6 RTS204 0.3972 0.3972 10.0 3.0
20170729 15.16 0.44 0.29 0.26 0.69 13986.9 RTS205 0.3849 0.3849 10.0 3.0
20170730 11.78 0.51 0.33 0.31 0.74 15654.33 RTS205 0.3849 0.3849 10.0 3.0
20170731 15.41 0.46 0.29 0.25 0.69 16212.34 RTS205 0.3849 0.3849 10.0 3.0
20170801 14.56 0.47 0.29 0.27 0.7 16842.4 RTS205 0.3849 0.3849 10.0 3.0
20170802 14.61 0.49 0.3 0.28 0.7 15702.17 RTS205 0.3849 0.3849 10.0 3.0
20170803 12.55 0.53 0.29 0.27 0.76 19284.01 RTS205 0.3849 0.3849 10.0 3.0
20170804 13.52 0.51 0.3 0.28 0.73 18365.65 RTS205 0.3849 0.3849 10.0 3.0
20170805 14.74 0.47 0.3 0.27 0.69 15109.49 RTS205 0.3849 0.3849 10.0 3.0
20170729 10.22 2.07 1.43 1.41 1.09 10379.38 RTS207 0.499 0.499 6.0 3.0
20170730 11.56 1.94 1.34 1.32 1.13 11380.3 RTS207 0.499 0.499 6.0 3.0
20170731 10.98 1.88 1.25 1.24 1.11 12701.79 RTS207 0.499 0.499 6.0 3.0
20170801 10.63 2.03 1.39 1.37 1.08 13445.66 RTS207 0.499 0.499 6.0 3.0
20170802 9.75 2.02 1.38 1.37 1.07 11828.08 RTS207 0.499 0.499 6.0 3.0
20170803 11.06 2.03 1.41 1.39 1.07 13172.14 RTS207 0.499 0.499 6.0 3.0
20170804 10.19 2.03 1.4 1.39 1.02 13449.76 RTS207 0.499 0.499 6.0 3.0
20170805 8.2 2.1 1.44 1.43 1.08 10783.52 RTS207 0.499 0.499 6.0 3.0
20170729 9.5 0.99 0.79 0.53 0.72 28935.34 RTS209 0.6626 0.6626 8.5 3.0
20170730 11.42 1.06 0.84 0.56 0.73 31045.09 RTS209 0.6626 0.6626 8.5 3.0
20170731 9.28 0.94 0.66 0.54 0.7 33204.07 RTS209 0.6626 0.6626 8.5 3.0
20170801 9.75 0.95 0.67 0.54 0.71 35053.14 RTS209 0.6626 0.6626 8.5 3.0
20170802 8.48 0.94 0.74 0.5 0.72 30854.79 RTS209 0.6626 0.6626 8.5 3.0
20170803 7.45 1.0 0.69 0.6 0.71 34605.43 RTS209 0.6626 0.6626 8.5 3.0
20170804 7.05 0.98 0.7 0.58 0.7 34907.78 RTS209 0.6626 0.6626 8.5 3.0
20170805 7.78 0.98 0.76 0.56 0.69 30479.42 RTS209 0.6626 0.6626 8.5 3.0
20170729 6.74 1.33 0.92 0.89 0.69 12499.27 RTS210 0.75 0.75 10.0 3.0
20170730 6.8 1.45 1.03 0.93 0.68 13437.91 RTS210 0.75 0.75 10.0 3.0
20170731 6.95 1.27 0.9 0.89 0.66 13889.44 RTS210 0.75 0.75 10.0 3.0
20170801 6.53 1.3 0.93 0.92 0.67 14353.42 RTS210 0.75 0.75 10.0 3.0
20170802 6.22 1.33 0.95 0.93 0.7 12459.67 RTS210 0.75 0.75 10.0 3.0
20170803 6.16 1.23 0.87 0.85 0.7 14580.38 RTS210 0.75 0.75 10.0 3.0
20170804 6.39 1.07 0.73 0.72 0.68 15462.29 RTS210 0.75 0.75 10.0 3.0
20170805 6.52 1.18 0.81 0.8 0.69 13156.38 RTS210 0.75 0.75 10.0 3.0
20170729 15.6 3.7 3.6 3.38 0.79 3603.86 RTS211 0.309 0.309 11.0 3.0
20170730 10.84 3.85 3.69 3.65 0.78 3705.81 RTS211 0.309 0.309 11.0 3.0
20170731 11.49 3.41 3.25 3.15 0.76 4761.05 RTS211 0.309 0.309 11.0 3.0
20170801 12.38 3.52 3.35 3.17 0.9 4986.15 RTS211 0.309 0.309 11.0 3.0
20170802 24.2 3.44 3.19 3.1 0.95 4618.35 RTS211 0.309 0.309 11.0 3.0
20170803 11.86 3.46 3.17 3.06 1.08 5729.81 RTS211 0.309 0.309 11.0 3.0
20170804 12.64 3.32 3.16 3.09 0.81 5555.91 RTS211 0.309 0.309 11.0 3.0
20170805 10.03 3.46 3.26 3.22 0.74 4311.72 RTS211 0.309 0.309 11.0 3.0
20170729 20.71 1.22 0.82 0.8 1.24 11523.64 RTS212 0.5128 0.5128 10.0 3.0
20170730 18.23 1.22 0.83 0.77 1.2 12726.86 RTS212 0.5128 0.5128 10.0 3.0
20170731 21.94 1.17 0.8 0.79 1.16 12621.93 RTS212 0.5128 0.5128 10.0 3.0
20170801 16.83 1.16 0.81 0.79 1.09 12692.41 RTS212 0.5128 0.5128 10.0 3.0
20170802 27.26 1.16 0.82 0.79 1.12 11113.98 RTS212 0.5128 0.5128 10.0 3.0
20170803 16.73 1.08 0.76 0.74 1.06 12715.76 RTS212 0.5128 0.5128 10.0 3.0
20170804 15.22 1.07 0.75 0.74 1.05 12891.77 RTS212 0.5128 0.5128 10.0 3.0
20170805 15.56 1.21 0.78 0.76 1.15 12465.48 RTS212 0.5128 0.5128 10.0 3.0
20170729 10.81 1.16 1.04 0.66 0.69 38551.89 RTS213 0.0192 0.0192 6.0 3.0
20170730 9.21 1.29 1.18 0.74 0.74 41068.3 RTS213 0.0192 0.0192 6.0 3.0
20170731 8.78 1.21 0.73 0.69 0.73 42433.09 RTS213 0.0192 0.0192 6.0 3.0
20170801 11.46 1.2 0.71 0.68 0.71 44953.25 RTS213 0.0192 0.0192 6.0 3.0
20170802 8.76 1.2 0.72 0.66 0.74 40491.99 RTS213 0.0192 0.0192 6.0 3.0
20170803 8.78 1.23 0.75 0.68 0.72 44880.36 RTS213 0.0192 0.0192 6.0 3.0
20170804 8.35 1.22 1.07 0.65 0.71 45743.78 RTS213 0.0192 0.0192 6.0 3.0
20170805 10.24 1.22 0.72 0.68 0.75 38900.78 RTS213 0.0192 0.0192 6.0 3.0
20170729 6.37 1.07 0.84 0.8 0.6 16448.07 RTS214 0.625 0.625 10.0 3.0
20170730 6.61 1.2 0.92 0.84 0.62 17487.32 RTS214 0.625 0.625 10.0 3.0
20170731 7.34 1.19 0.87 0.85 0.62 17714.06 RTS214 0.625 0.625 10.0 3.0
20170801 6.42 1.19 0.85 0.77 0.64 18543.17 RTS214 0.625 0.625 10.0 3.0
20170802 6.64 1.18 0.84 0.82 0.64 16158.58 RTS214 0.625 0.625 10.0 3.0
20170803 7.31 1.14 0.83 0.8 0.62 18514.28 RTS214 0.625 0.625 10.0 3.0
20170804 6.48 1.15 0.87 0.85 0.61 18929.48 RTS214 0.625 0.625 10.0 3.0
20170805 6.4 1.07 0.8 0.78 0.6 17126.42 RTS214 0.625 0.625 10.0 3.0
20170729 6.64 1.92 1.85 1.58 0.6 12741.66 RTS215 0.1806 0.1806 6.0 3.0
20170730 7.02 2.12 2.0 1.76 0.59 12517.2 RTS215 0.1806 0.1806 6.0 3.0
20170731 8.73 1.98 1.92 1.67 0.61 13938.34 RTS215 0.1806 0.1806 6.0 3.0
20170801 11.93 2.0 1.93 1.71 0.61 14187.54 RTS215 0.1806 0.1806 6.0 3.0
20170802 8.17 1.94 1.87 1.63 0.6 13111.62 RTS215 0.1806 0.1806 6.0 3.0
20170803 8.5 1.92 1.86 1.63 0.58 14942.69 RTS215 0.1806 0.1806 6.0 3.0
20170804 8.78 1.86 1.85 1.51 0.57 15401.22 RTS215 0.1806 0.1806 6.0 3.0
20170805 8.99 1.89 1.76 1.57 0.58 13148.92 RTS215 0.1806 0.1806 6.0 3.0
20170729 12.71 2.19 2.05 1.48 1.25 14967.46 RTS217 0.3127 0.3127 10.0 3.0
20170730 14.0 2.34 2.28 1.58 1.28 15618.68 RTS217 0.3127 0.3127 10.0 3.0
20170731 12.56 2.24 2.13 1.52 1.25 16248.19 RTS217 0.3127 0.3127 10.0 3.0
20170801 15.53 2.23 2.15 1.49 1.24 16975.67 RTS217 0.3127 0.3127 10.0 3.0
20170802 14.26 2.37 2.15 1.61 1.26 15540.56 RTS217 0.3127 0.3127 10.0 3.0
20170803 14.92 2.19 2.09 1.49 1.23 17284.09 RTS217 0.3127 0.3127 10.0 3.0
20170804 16.3 2.07 1.68 1.55 1.18 18614.69 RTS217 0.3127 0.3127 10.0 3.0
20170805 15.27 2.23 2.15 1.54 1.21 15381.71 RTS217 0.3127 0.3127 10.0 3.0
20170729 7.36 0.63 0.32 0.29 0.81 19119.29 RTS218 0.1008 0.1008 6.0 3.0
20170730 8.19 0.71 0.37 0.27 0.84 20826.39 RTS218 0.1008 0.1008 6.0 3.0
20170731 8.33 0.58 0.29 0.24 0.78 21584.39 RTS218 0.1008 0.1008 6.0 3.0
20170801 7.85 0.54 0.26 0.23 0.77 22552.21 RTS218 0.1008 0.1008 6.0 3.0
20170802 8.08 0.56 0.27 0.23 0.77 20249.4 RTS218 0.1008 0.1008 6.0 3.0
20170803 9.87 0.54 0.26 0.23 0.76 23400.68 RTS218 0.1008 0.1008 6.0 3.0
20170804 8.37 0.55 0.27 0.25 0.76 23183.21 RTS218 0.1008 0.1008 6.0 3.0
20170805 7.96 0.6 0.3 0.25 0.78 20209.97 RTS218 0.1008 0.1008 6.0 3.0
20170729 7.7 0.62 0.32 0.29 0.61 22603.77 RTS219 0.0528 0.0528 6.0 3.0
20170730 8.2 0.68 0.37 0.27 0.64 24346.3 RTS219 0.0528 0.0528 6.0 3.0
20170731 6.59 0.59 0.29 0.24 0.62 25764.29 RTS219 0.0528 0.0528 6.0 3.0
20170801 5.81 0.56 0.26 0.23 0.62 26412.51 RTS219 0.0528 0.0528 6.0 3.0
20170802 7.33 0.57 0.27 0.23 0.62 23803.27 RTS219 0.0528 0.0528 6.0 3.0
20170803 7.1 0.54 0.26 0.23 0.59 27641.65 RTS219 0.0528 0.0528 6.0 3.0
20170804 5.87 0.57 0.27 0.25 0.61 27793.48 RTS219 0.0528 0.0528 6.0 3.0
20170805 5.69 0.61 0.3 0.25 0.63 23825.97 RTS219 0.0528 0.0528 6.0 3.0
20170729 5.78 1.48 1.34 1.03 0.58 18588.59 RTS220 0.086 0.086 6.0 3.0
20170730 5.78 1.62 1.42 1.14 0.58 19829.4 RTS220 0.086 0.086 6.0 3.0
20170731 6.07 1.53 1.29 1.13 0.56 20691.02 RTS220 0.086 0.086 6.0 3.0
20170801 6.53 1.5 1.21 1.16 0.54 21918.29 RTS220 0.086 0.086 6.0 3.0
20170802 5.12 1.52 1.24 1.14 0.53 19460.65 RTS220 0.086 0.086 6.0 3.0
20170803 4.82 1.53 1.25 1.18 0.52 21695.76 RTS220 0.086 0.086 6.0 3.0
20170804 5.06 1.46 1.22 1.1 0.53 22855.38 RTS220 0.086 0.086 6.0 3.0
20170805 5.75 1.43 1.14 1.1 0.54 20394.13 RTS220 0.086 0.086 6.0 3.0
20170729 5.14 1.46 1.12 1.03 0.6 26466.19 RTS222 0.125 0.125 10.0 3.0
20170730 6.39 1.6 1.29 1.14 0.53 28012.38 RTS222 0.125 0.125 10.0 3.0
20170731 5.26 1.53 1.24 1.13 0.49 28907.25 RTS222 0.125 0.125 10.0 3.0
20170801 4.91 1.49 1.18 1.09 0.51 30382.67 RTS222 0.125 0.125 10.0 3.0
20170802 5.4 1.5 1.27 1.14 0.52 28196.41 RTS222 0.125 0.125 10.0 3.0
20170803 4.76 1.55 1.24 1.18 0.53 30233.47 RTS222 0.125 0.125 10.0 3.0
20170804 5.52 1.45 1.14 1.1 0.52 31273.05 RTS222 0.125 0.125 10.0 3.0
20170805 5.27 1.43 1.12 1.08 0.51 27958.84 RTS222 0.125 0.125 10.0 3.0
20170729 7.57 3.16 3.36 2.56 0.68 5295.0 RTS224 0.3978 0.3978 6.0 3.0
20170730 7.68 3.24 3.48 2.59 0.71 5697.27 RTS224 0.3978 0.3978 6.0 3.0
20170731 7.72 3.13 3.21 2.54 0.68 5829.92 RTS224 0.3978 0.3978 6.0 3.0
20170801 6.75 3.09 3.2 2.53 0.62 6140.64 RTS224 0.3978 0.3978 6.0 3.0
20170802 7.9 3.06 3.17 2.48 0.64 5651.65 RTS224 0.3978 0.3978 6.0 3.0
20170803 7.63 3.07 3.08 2.53 0.64 6390.2 RTS224 0.3978 0.3978 6.0 3.0
20170804 7.45 3.18 3.28 2.59 0.67 6029.87 RTS224 0.3978 0.3978 6.0 3.0
20170805 7.28 3.18 3.16 2.68 0.59 5257.33 RTS224 0.3978 0.3978 6.0 3.0
20170729 6.75 1.33 1.3 0.79 0.65 22852.95 RTS225 0.125 0.125 10.0 3.0
20170730 7.6 1.43 1.34 0.87 0.7 23719.29 RTS225 0.125 0.125 10.0 3.0
20170731 7.11 1.44 1.39 0.87 0.68 25038.65 RTS225 0.125 0.125 10.0 3.0
20170801 6.95 1.41 1.3 0.89 0.63 27007.12 RTS225 0.125 0.125 10.0 3.0
20170802 6.45 1.35 1.29 0.81 0.65 24322.21 RTS225 0.125 0.125 10.0 3.0
20170803 7.43 1.35 1.19 0.84 0.64 27466.31 RTS225 0.125 0.125 10.0 3.0
20170804 6.49 1.41 1.34 0.84 0.67 27455.41 RTS225 0.125 0.125 10.0 3.0
20170805 6.74 1.4 1.33 0.85 0.66 23675.64 RTS225 0.125 0.125 10.0 3.0
20170729 5.16 2.2 2.1 1.95 0.38 11055.28 RTS226 0.4875 0.375 7.0 6.0
20170730 6.06 2.37 2.3 2.06 0.42 11179.58 RTS226 0.4875 0.375 7.0 6.0
20170731 9.42 2.11 2.15 1.68 0.5 12547.74 RTS226 0.4875 0.375 7.0 6.0
20170801 5.01 2.15 2.03 1.86 0.4 13015.34 RTS226 0.4875 0.375 7.0 6.0
20170802 7.11 2.18 2.02 1.93 0.39 11581.94 RTS226 0.4875 0.375 7.0 6.0
20170803 7.56 2.22 2.13 1.93 0.42 12406.79 RTS226 0.4875 0.375 7.0 6.0
20170804 5.26 2.11 2.09 1.74 0.43 13428.55 RTS226 0.4875 0.375 7.0 6.0
20170805 5.38 2.22 2.25 1.85 0.37 11577.52 RTS226 0.4875 0.375 7.0 6.0
20170729 5.2 0.64 0.32 0.29 0.69 20665.91 RTS227 0.7316 0.7316 6.0 3.0
20170730 7.59 0.72 0.37 0.27 0.73 22383.92 RTS227 0.7316 0.7316 6.0 3.0
20170731 5.55 0.6 0.29 0.24 0.66 24280.21 RTS227 0.7316 0.7316 6.0 3.0
20170801 5.19 0.56 0.26 0.23 0.66 24799.43 RTS227 0.7316 0.7316 6.0 3.0
20170802 5.36 0.57 0.27 0.23 0.67 21911.79 RTS227 0.7316 0.7316 6.0 3.0
20170803 5.37 0.54 0.26 0.23 0.65 24497.64 RTS227 0.7316 0.7316 6.0 3.0
20170804 5.2 0.57 0.27 0.25 0.66 25520.07 RTS227 0.7316 0.7316 6.0 3.0
20170805 5.38 0.63 0.3 0.25 0.69 22407.17 RTS227 0.7316 0.7316 6.0 3.0
20170729 9.36 1.8 1.93 1.36 0.5 22341.48 RTS228 0.75 0.75 10.0 3.0
20170730 8.12 1.89 1.65 1.33 0.65 24579.76 RTS228 0.75 0.75 10.0 3.0
20170731 7.95 1.82 1.84 1.36 0.59 26069.66 RTS228 0.75 0.75 10.0 3.0
20170801 8.28 1.84 1.77 1.47 0.5 26623.79 RTS228 0.75 0.75 10.0 3.0
20170802 6.98 1.8 1.71 1.45 0.5 23959.61 RTS228 0.75 0.75 10.0 3.0
20170803 9.05 1.78 1.62 1.39 0.51 27241.31 RTS228 0.75 0.75 10.0 3.0
20170804 9.45 1.81 1.71 1.44 0.51 27611.79 RTS228 0.75 0.75 10.0 3.0
20170805 9.06 1.78 1.73 1.29 0.53 24545.33 RTS228 0.75 0.75 10.0 3.0
20170729 9.91 1.98 2.02 1.47 0.55 18448.01 RTS229 0.4906 0.4906 6.0 3.0
20170730 9.68 2.11 2.09 1.57 0.55 19139.3 RTS229 0.4906 0.4906 6.0 3.0
20170731 8.79 2.07 2.02 1.62 0.48 20475.21 RTS229 0.4906 0.4906 6.0 3.0
20170801 9.56 2.06 2.0 1.66 0.52 21440.37 RTS229 0.4906 0.4906 6.0 3.0
20170802 9.52 1.98 1.98 1.47 0.54 19618.16 RTS229 0.4906 0.4906 6.0 3.0
20170803 9.57 1.95 1.92 1.42 0.55 22136.29 RTS229 0.4906 0.4906 6.0 3.0
20170804 7.66 2.06 1.96 1.68 0.52 21879.65 RTS229 0.4906 0.4906 6.0 3.0
20170805 10.13 2.14 2.08 1.73 0.56 18032.91 RTS229 0.4906 0.4906 6.0 3.0
20170729 12.56 2.97 2.82 2.58 0.76 5559.23 RTS230 0.4558 0.4558 6.0 3.0
20170730 11.49 2.85 2.81 2.42 0.69 6714.88 RTS230 0.4558 0.4558 6.0 3.0
20170731 10.46 2.88 2.76 2.49 0.67 6692.45 RTS230 0.4558 0.4558 6.0 3.0
20170801 11.39 2.89 2.75 2.53 0.63 6843.31 RTS230 0.4558 0.4558 6.0 3.0
20170802 11.47 2.8 2.61 2.56 0.55 6851.81 RTS230 0.4558 0.4558 6.0 3.0
20170803 10.55 2.45 2.34 2.16 0.52 9694.39 RTS230 0.4558 0.4558 6.0 3.0
20170804 11.01 2.76 2.62 2.44 0.57 7756.9 RTS230 0.4558 0.4558 6.0 3.0
20170805 8.98 2.89 2.75 2.53 0.62 6182.69 RTS230 0.4558 0.4558 6.0 3.0
20170729 5.28 1.62 1.28 1.08 0.62 23830.36 RTS232 0.402 0.402 6.5 3.0
20170730 6.25 1.73 1.44 1.12 0.65 25361.54 RTS232 0.402 0.402 6.5 3.0
20170731 5.54 1.51 1.38 0.91 0.67 26620.67 RTS232 0.402 0.402 6.5 3.0
20170801 7.21 1.42 1.21 0.84 0.68 28534.28 RTS232 0.402 0.402 6.5 3.0
20170802 6.93 1.56 1.4 0.96 0.65 25218.52 RTS232 0.402 0.402 6.5 3.0
20170803 6.97 1.52 1.27 0.94 0.65 28224.22 RTS232 0.402 0.402 6.5 3.0
20170804 6.89 1.17 0.63 0.57 0.75 30772.87 RTS232 0.402 0.402 6.5 3.0
20170805 7.47 1.38 1.37 0.78 0.74 24941.54 RTS232 0.402 0.402 6.5 3.0
20170729 8.94 1.54 1.39 1.04 0.69 18001.56 RTS47 0.36 0.36 6.0 3.0
20170730 8.28 1.7 1.15 1.07 0.72 17849.71 RTS47 0.36 0.36 6.0 3.0
20170731 8.24 1.56 1.04 0.99 0.68 19267.2 RTS47 0.36 0.36 6.0 3.0
20170801 9.24 1.56 1.01 0.99 0.71 19381.77 RTS47 0.36 0.36 6.0 3.0
20170802 7.32 1.56 1.02 1.01 0.72 17013.41 RTS47 0.36 0.36 6.0 3.0
20170803 5.68 1.54 1.01 0.99 0.69 19402.42 RTS47 0.36 0.36 6.0 3.0
20170804 7.97 1.55 1.02 1.0 0.69 20151.1 RTS47 0.36 0.36 6.0 3.0
20170805 7.3 1.48 0.93 0.91 0.67 18926.36 RTS47 0.36 0.36 6.0 3.0
20170729 10.6 1.59 1.21 1.17 0.75 12324.5 RTS48 0.3135 0.3135 6.0 3.0
20170730 10.41 1.66 1.27 1.22 0.75 12824.0 RTS48 0.3135 0.3135 6.0 3.0
20170731 11.42 1.65 1.27 1.24 0.73 13440.4 RTS48 0.3135 0.3135 6.0 3.0
20170801 9.69 1.64 1.52 1.3 0.72 14069.72 RTS48 0.3135 0.3135 6.0 3.0
20170802 10.13 1.61 1.26 1.23 0.73 12366.58 RTS48 0.3135 0.3135 6.0 3.0
20170803 9.84 1.65 1.29 1.25 0.73 14282.07 RTS48 0.3135 0.3135 6.0 3.0
20170804 10.01 1.57 1.32 1.3 0.69 15841.22 RTS48 0.3135 0.3135 6.0 3.0
20170805 10.41 1.6 1.47 1.25 0.7 13619.73 RTS48 0.3135 0.3135 6.0 3.0
20170729 8.61 0.7 0.43 0.41 0.63 16790.58 RTS49 0.75 0.75 10.0 3.0
20170730 8.75 0.73 0.45 0.43 0.66 18561.78 RTS49 0.75 0.75 10.0 3.0
20170731 8.51 0.65 0.39 0.38 0.63 18944.67 RTS49 0.75 0.75 10.0 3.0
20170801 8.36 0.68 0.42 0.4 0.62 19519.03 RTS49 0.75 0.75 10.0 3.0
20170802 8.64 0.66 0.41 0.38 0.6 17724.83 RTS49 0.75 0.75 10.0 3.0
20170803 8.07 0.67 0.42 0.39 0.6 19752.49 RTS49 0.75 0.75 10.0 3.0
20170804 8.78 0.68 0.42 0.39 0.6 20045.37 RTS49 0.75 0.75 10.0 3.0
20170805 8.66 0.69 0.42 0.4 0.62 17533.55 RTS49 0.75 0.75 10.0 3.0
20170729 13.2 0.95 0.57 0.53 0.6 24646.51 RTS52 0.5891 0.2016 9.5 6.0
20170730 12.36 1.01 1.03 0.56 0.61 27289.6 RTS52 0.5891 0.2016 9.5 6.0
20170731 13.0 0.93 0.92 0.54 0.58 27984.43 RTS52 0.5891 0.2016 9.5 6.0
20170801 12.59 0.97 0.93 0.54 0.61 29098.32 RTS52 0.5891 0.2016 9.5 6.0
20170802 13.37 0.91 0.54 0.52 0.59 26361.15 RTS52 0.5891 0.2016 9.5 6.0
20170803 12.85 0.99 0.93 0.6 0.57 29932.05 RTS52 0.5891 0.2016 9.5 6.0
20170804 13.12 0.96 0.93 0.58 0.55 30495.61 RTS52 0.5891 0.2016 9.5 6.0
20170805 13.61 0.93 0.93 0.56 0.56 26868.49 RTS52 0.5891 0.2016 9.5 6.0
20170729 12.6 2.33 1.79 1.4 1.05 29811.02 RTS56 0.1163 0.1163 10.0 5.5
20170730 11.02 2.47 1.93 1.43 1.11 31683.94 RTS56 0.1163 0.1163 10.0 5.5
20170731 12.68 2.28 1.79 1.3 1.05 35027.01 RTS56 0.1163 0.1163 10.0 5.5
20170801 10.08 2.27 1.78 1.31 1.02 36080.51 RTS56 0.1163 0.1163 10.0 5.5
20170802 10.65 2.28 1.84 1.31 1.06 32131.62 RTS56 0.1163 0.1163 10.0 5.5
20170803 10.89 2.22 1.81 1.33 1.02 36963.38 RTS56 0.1163 0.1163 10.0 5.5
20170804 12.05 2.28 1.86 1.42 1.0 36945.98 RTS56 0.1163 0.1163 10.0 5.5
20170805 13.07 2.23 1.81 1.32 1.08 31386.62 RTS56 0.1163 0.1163 10.0 5.5
20170729 6.9 1.82 1.59 1.1 0.84 21689.23 RTS57 0.875 0.875 10.0 3.0
20170730 8.26 1.72 1.57 0.97 0.8 26382.2 RTS57 0.875 0.875 10.0 3.0
20170731 7.47 1.77 1.68 1.03 0.79 26498.69 RTS57 0.875 0.875 10.0 3.0
20170801 7.1 1.8 1.72 1.06 0.81 25846.46 RTS57 0.875 0.875 10.0 3.0
20170802 7.6 1.72 1.63 1.01 0.87 22555.4 RTS57 0.875 0.875 10.0 3.0
20170803 7.5 1.77 1.65 1.05 0.85 24728.75 RTS57 0.875 0.875 10.0 3.0
20170804 6.4 1.7 1.56 1.02 0.84 26601.03 RTS57 0.875 0.875 10.0 3.0
20170805 7.26 1.67 1.59 0.94 0.9 22730.84 RTS57 0.875 0.875 10.0 3.0
20170729 12.92 1.93 1.69 1.28 0.84 23355.75 RTS58 0.0449 0.0449 10.0 3.0
20170730 13.9 2.13 1.89 1.51 0.81 24455.97 RTS58 0.0449 0.0449 10.0 3.0
20170731 11.97 1.96 1.8 1.22 0.86 26323.83 RTS58 0.0449 0.0449 10.0 3.0
20170801 10.98 1.93 1.74 1.14 0.93 28871.75 RTS58 0.0449 0.0449 10.0 3.0
20170802 11.5 1.98 1.69 1.27 0.83 24935.19 RTS58 0.0449 0.0449 10.0 3.0
20170803 14.58 2.0 1.94 1.4 0.84 27797.57 RTS58 0.0449 0.0449 10.0 3.0
20170804 11.6 2.12 2.06 1.47 0.87 26684.4 RTS58 0.0449 0.0449 10.0 3.0
20170805 11.29 1.99 1.58 1.41 0.8 24333.97 RTS58 0.0449 0.0449 10.0 3.0
20170729 7.86 1.27 1.05 0.98 0.6 27203.68 RTS60 0.1859 0.1859 8.0 3.0
20170730 8.91 1.42 1.17 1.06 0.63 29385.38 RTS60 0.1859 0.1859 8.0 3.0
20170731 8.58 1.3 1.11 0.89 0.63 28724.83 RTS60 0.1859 0.1859 8.0 3.0
20170801 8.86 1.33 1.14 0.91 0.63 29869.47 RTS60 0.1859 0.1859 8.0 3.0
20170802 8.56 1.34 1.17 0.92 0.62 27296.31 RTS60 0.1859 0.1859 8.0 3.0
20170803 7.6 1.36 1.16 0.99 0.64 29648.22 RTS60 0.1859 0.1859 8.0 3.0
20170804 8.78 1.36 1.12 0.98 0.63 30392.8 RTS60 0.1859 0.1859 8.0 3.0
20170805 6.81 1.27 1.07 0.88 0.64 26623.57 RTS60 0.1859 0.1859 8.0 3.0
20170729 18.72 0.56 0.29 0.26 0.8 18336.64 RTS62 0.2669 0.2544 10.0 3.0
20170730 15.65 0.62 0.34 0.25 0.84 19569.98 RTS62 0.2669 0.2544 10.0 3.0
20170731 19.35 0.57 0.3 0.25 0.81 20500.02 RTS62 0.2669 0.2544 10.0 3.0
20170801 18.48 0.58 0.31 0.26 0.84 20711.26 RTS62 0.2669 0.2544 10.0 3.0
20170802 16.98 0.57 0.29 0.26 0.81 19952.93 RTS62 0.2669 0.2544 10.0 3.0
20170803 18.24 0.57 0.29 0.27 0.82 21932.6 RTS62 0.2669 0.2544 10.0 3.0
20170804 16.45 0.59 0.31 0.28 0.82 21730.29 RTS62 0.2669 0.2544 10.0 3.0
20170805 18.12 0.59 0.31 0.29 0.84 19089.98 RTS62 0.2669 0.2544 10.0 3.0
20170729 13.02 0.86 0.63 0.54 0.59 29090.31 RTS63 0.2638 0.2638 10.0 3.0
20170730 15.6 0.96 0.72 0.63 0.61 31876.25 RTS63 0.2638 0.2638 10.0 3.0
20170731 10.35 0.87 0.65 0.61 0.57 32612.01 RTS63 0.2638 0.2638 10.0 3.0
20170801 10.12 0.86 0.65 0.62 0.57 33912.12 RTS63 0.2638 0.2638 10.0 3.0
20170802 13.62 0.86 0.64 0.59 0.55 30690.23 RTS63 0.2638 0.2638 10.0 3.0
20170803 14.64 0.9 0.68 0.63 0.54 34888.89 RTS63 0.2638 0.2638 10.0 3.0
20170804 13.07 0.88 0.67 0.62 0.55 34623.45 RTS63 0.2638 0.2638 10.0 3.0
20170805 13.66 0.86 0.65 0.6 0.54 31963.82 RTS63 0.2638 0.2638 10.0 3.0
20170729 8.13 2.84 3.05 2.02 0.87 9133.16 RTS67 0.2028 0.2028 11.0 3.0
20170730 8.6 3.08 3.07 2.29 0.87 9096.86 RTS67 0.2028 0.2028 11.0 3.0
20170731 8.58 2.69 2.42 2.08 0.81 11126.06 RTS67 0.2028 0.2028 11.0 3.0
20170801 12.41 2.76 2.67 2.1 0.81 11478.52 RTS67 0.2028 0.2028 11.0 3.0
20170802 8.19 2.74 3.03 1.96 0.86 10310.46 RTS67 0.2028 0.2028 11.0 3.0
20170803 7.56 2.89 3.03 2.12 0.84 10488.97 RTS67 0.2028 0.2028 11.0 3.0
20170804 8.86 2.83 3.06 2.07 0.88 10875.93 RTS67 0.2028 0.2028 11.0 3.0
20170805 10.78 2.92 2.99 2.23 0.82 8956.04 RTS67 0.2028 0.2028 11.0 3.0
20170729 11.52 2.25 2.01 1.53 0.98 17232.88 RTS68 0.2234 0.2234 10.0 3.0
20170730 14.96 2.4 2.23 1.61 1.04 18016.36 RTS68 0.2234 0.2234 10.0 3.0
20170731 14.06 2.23 2.01 1.52 1.05 17832.78 RTS68 0.2234 0.2234 10.0 3.0
20170801 13.04 2.12 1.97 1.43 0.97 18992.1 RTS68 0.2234 0.2234 10.0 3.0
20170802 14.97 2.15 1.97 1.45 1.02 16769.56 RTS68 0.2234 0.2234 10.0 3.0
20170803 15.14 2.02 1.92 1.4 0.9 19467.96 RTS68 0.2234 0.2234 10.0 3.0
20170804 16.49 1.99 1.88 1.35 0.88 19992.21 RTS68 0.2234 0.2234 10.0 3.0
20170805 15.15 2.1 1.92 1.44 0.97 17134.27 RTS68 0.2234 0.2234 10.0 3.0
20170729 7.71 0.89 0.32 0.27 0.83 38571.66 RTS70 0.0717 0.0717 6.0 3.0
20170730 9.82 0.96 0.37 0.32 0.85 40550.32 RTS70 0.0717 0.0717 6.0 3.0
20170731 8.48 0.89 0.33 0.3 0.82 42355.63 RTS70 0.0717 0.0717 6.0 3.0
20170801 9.84 0.88 0.33 0.31 0.81 44290.44 RTS70 0.0717 0.0717 6.0 3.0
20170802 7.39 0.88 0.33 0.3 0.79 41199.01 RTS70 0.0717 0.0717 6.0 3.0
20170803 8.85 0.91 0.34 0.31 0.8 45550.02 RTS70 0.0717 0.0717 6.0 3.0
20170804 7.6 0.88 0.34 0.31 0.79 44898.51 RTS70 0.0717 0.0717 6.0 3.0
20170805 7.35 0.87 0.33 0.3 0.81 39022.42 RTS70 0.0717 0.0717 6.0 3.0
20170729 7.58 1.89 1.69 1.28 0.9 15095.74 RTS72 0.875 0.875 10.0 3.0
20170730 9.96 2.16 1.96 1.51 0.92 15181.68 RTS72 0.875 0.875 10.0 3.0
20170731 8.47 1.89 1.76 1.22 0.92 17212.66 RTS72 0.875 0.875 10.0 3.0
20170801 12.67 1.78 1.17 1.14 0.92 18715.13 RTS72 0.875 0.875 10.0 3.0
20170802 9.7 1.9 1.68 1.27 0.91 16198.94 RTS72 0.875 0.875 10.0 3.0
20170803 9.8 1.96 1.63 1.4 0.89 17850.61 RTS72 0.875 0.875 10.0 3.0
20170804 10.09 2.03 1.67 1.47 0.88 17567.89 RTS72 0.875 0.875 10.0 3.0
20170805 7.6 2.04 1.82 1.41 0.9 14898.17 RTS72 0.875 0.875 10.0 3.0
20170729 6.91 1.29 0.83 0.8 0.72 18894.44 RTS73 0.25 0.25 8.0 3.0
20170730 7.91 1.4 0.9 0.83 0.72 20495.9 RTS73 0.25 0.25 8.0 3.0
20170731 8.03 1.28 0.8 0.78 0.74 21006.04 RTS73 0.25 0.25 8.0 3.0
20170801 8.09 1.25 0.82 0.79 0.73 21689.31 RTS73 0.25 0.25 8.0 3.0
20170802 7.56 1.31 0.85 0.82 0.75 18176.47 RTS73 0.25 0.25 8.0 3.0
20170803 6.92 1.28 0.85 0.83 0.72 20967.79 RTS73 0.25 0.25 8.0 3.0
20170804 6.82 1.31 0.88 0.84 0.71 21549.69 RTS73 0.25 0.25 8.0 3.0
20170805 7.41 1.3 0.83 0.8 0.76 18561.17 RTS73 0.25 0.25 8.0 3.0
20170729 8.35 2.78 2.81 2.19 0.61 10198.44 RTS76 0.0263 0.0263 6.0 6.0
20170730 8.2 2.76 2.88 2.14 0.6 11466.02 RTS76 0.0263 0.0263 6.0 6.0
20170731 7.23 2.68 2.55 2.04 0.68 11489.63 RTS76 0.0263 0.0263 6.0 6.0
20170801 8.7 2.74 2.39 2.19 0.64 11616.83 RTS76 0.0263 0.0263 6.0 6.0
20170802 7.25 2.79 2.53 2.27 0.58 10693.55 RTS76 0.0263 0.0263 6.0 6.0
20170803 8.78 2.83 2.8 2.24 0.6 11755.84 RTS76 0.0263 0.0263 6.0 6.0
20170804 9.66 2.52 2.19 2.12 0.6 13443.07 RTS76 0.0263 0.0263 6.0 6.0
20170805 7.67 2.8 2.6 2.3 0.57 10467.74 RTS76 0.0263 0.0263 6.0 6.0
20170729 7.59 2.79 2.28 2.27 0.98 4668.47 RTS78 0.2129 0.2129 6.0 5.0
20170730 9.61 2.89 2.43 2.42 0.91 4647.61 RTS78 0.2129 0.2129 6.0 5.0
20170731 7.72 2.99 2.48 2.46 0.95 4858.94 RTS78 0.2129 0.2129 6.0 5.0
20170801 7.88 2.98 2.5 2.48 0.93 4818.94 RTS78 0.2129 0.2129 6.0 5.0
20170802 8.22 3.0 2.53 2.51 0.93 4178.09 RTS78 0.2129 0.2129 6.0 5.0
20170803 10.41 2.67 2.23 2.22 0.9 5312.15 RTS78 0.2129 0.2129 6.0 5.0
20170804 10.47 3.01 2.57 2.55 0.9 4821.2 RTS78 0.2129 0.2129 6.0 5.0
20170805 10.27 2.99 2.94 2.42 0.94 4247.51 RTS78 0.2129 0.2129 6.0 5.0
20170729 10.61 0.91 0.54 0.49 0.7 37289.04 RTS79 0.4928 0.4928 6.0 3.0
20170730 9.39 1.01 0.63 0.44 0.71 41149.51 RTS79 0.4928 0.4928 6.0 3.0
20170731 9.32 0.97 0.59 0.54 0.69 41972.84 RTS79 0.4928 0.4928 6.0 3.0
20170801 11.21 0.93 0.56 0.51 0.68 44102.92 RTS79 0.4928 0.4928 6.0 3.0
20170802 8.84 0.96 0.59 0.54 0.68 39437.49 RTS79 0.4928 0.4928 6.0 3.0
20170803 11.19 0.95 0.58 0.53 0.7 43450.48 RTS79 0.4928 0.4928 6.0 3.0
20170804 8.92 0.91 0.55 0.5 0.7 43542.15 RTS79 0.4928 0.4928 6.0 3.0
20170805 10.7 0.93 0.56 0.52 0.68 39235.97 RTS79 0.4928 0.4928 6.0 3.0
20170729 3.94 0.46 0.19 0.16 0.5 33167.25 RTS82 0.0 0.0 10.0 3.0
20170730 5.25 0.51 0.22 0.15 0.53 36402.87 RTS82 0.0 0.0 10.0 3.0
20170731 4.73 0.47 0.19 0.16 0.51 37277.48 RTS82 0.0 0.0 10.0 3.0
20170801 4.72 0.47 0.19 0.16 0.52 37649.76 RTS82 0.0 0.0 10.0 3.0
20170802 4.71 0.47 0.2 0.17 0.51 34116.91 RTS82 0.0 0.0 10.0 3.0
20170803 5.38 0.48 0.19 0.16 0.55 37577.39 RTS82 0.0 0.0 10.0 3.0
20170804 5.84 0.49 0.2 0.17 0.56 37960.06 RTS82 0.0 0.0 10.0 3.0
20170805 4.96 0.47 0.18 0.15 0.52 33816.57 RTS82 0.0 0.0 10.0 3.0
20170729 10.46 1.98 1.56 1.53 0.66 8727.61 RTS83 0.593 0.4055 7.5 6.0
20170730 7.64 2.01 1.59 1.56 0.66 9932.61 RTS83 0.593 0.4055 7.5 6.0
20170731 8.04 1.76 1.34 1.32 0.74 10229.77 RTS83 0.593 0.4055 7.5 6.0
20170801 8.07 1.84 1.43 1.4 0.63 11006.21 RTS83 0.593 0.4055 7.5 6.0
20170802 8.25 1.87 1.46 1.43 0.74 10018.24 RTS83 0.593 0.4055 7.5 6.0
20170803 8.07 1.92 1.41 1.38 0.82 14613.07 RTS83 0.593 0.4055 7.5 6.0
20170804 8.37 1.88 1.42 1.39 0.81 11475.38 RTS83 0.593 0.4055 7.5 6.0
20170805 7.97 1.95 1.48 1.45 0.83 9700.87 RTS83 0.593 0.4055 7.5 6.0
20170729 12.01 2.38 2.17 2.14 0.74 3512.0 RTS87 0.657 0.582 9.5 6.0
20170730 12.31 2.73 2.48 2.43 0.78 3461.6 RTS87 0.657 0.582 9.5 6.0
20170731 16.36 2.43 2.21 2.18 0.82 3921.55 RTS87 0.657 0.582 9.5 6.0
20170801 20.03 2.47 2.22 2.19 0.86 4105.73 RTS87 0.657 0.582 9.5 6.0
20170802 12.15 2.35 2.14 2.13 0.76 3702.83 RTS87 0.657 0.582 9.5 6.0
20170803 8.35 2.41 2.19 2.18 0.72 4057.77 RTS87 0.657 0.582 9.5 6.0
20170804 12.79 2.09 1.92 1.91 0.73 4659.21 RTS87 0.657 0.582 9.5 6.0
20170805 19.76 2.51 2.27 2.25 0.94 3472.71 RTS87 0.657 0.582 9.5 6.0
20170729 11.5 0.82 0.32 0.29 1.02 30475.84 RTS90 0.5 0.5 11.0 3.0
20170730 11.29 0.93 0.37 0.27 1.06 34657.42 RTS90 0.5 0.5 11.0 3.0
20170731 10.19 0.8 0.29 0.24 1.02 35261.32 RTS90 0.5 0.5 11.0 3.0
20170801 10.55 0.73 0.26 0.23 0.99 34753.36 RTS90 0.5 0.5 11.0 3.0
20170802 10.66 0.74 0.27 0.23 1.02 29977.75 RTS90 0.5 0.5 11.0 3.0
20170803 11.38 0.71 0.26 0.23 1.0 34529.61 RTS90 0.5 0.5 11.0 3.0
20170804 11.6 0.72 0.27 0.25 0.97 34557.23 RTS90 0.5 0.5 11.0 3.0
20170805 12.17 0.77 0.3 0.25 0.97 30469.34 RTS90 0.5 0.5 11.0 3.0
20170729 12.54 2.73 2.73 2.14 0.68 9470.71 RTS91 0.2939 0.2939 6.0 6.0
20170730 9.02 2.91 2.77 2.39 0.66 9633.69 RTS91 0.2939 0.2939 6.0 6.0
20170731 12.24 2.68 2.58 2.04 0.8 10670.1 RTS91 0.2939 0.2939 6.0 6.0
20170801 10.44 2.73 2.46 2.16 0.73 11017.08 RTS91 0.2939 0.2939 6.0 6.0
20170802 12.65 2.84 2.5 2.31 0.78 9245.54 RTS91 0.2939 0.2939 6.0 6.0
20170803 9.41 2.7 2.43 2.11 0.83 10745.5 RTS91 0.2939 0.2939 6.0 6.0
20170804 9.41 2.85 2.53 2.28 0.78 10541.86 RTS91 0.2939 0.2939 6.0 6.0
20170805 9.04 2.92 2.8 2.27 0.73 9215.91 RTS91 0.2939 0.2939 6.0 6.0
20170729 6.98 2.18 2.03 1.74 0.53 14880.36 RTS94 0.1426 0.1426 6.0 4.0
20170730 7.77 2.28 1.94 1.75 0.77 15252.02 RTS94 0.1426 0.1426 6.0 4.0
20170731 8.55 2.19 1.95 1.85 0.65 15293.34 RTS94 0.1426 0.1426 6.0 4.0
20170801 8.65 2.05 1.87 1.81 0.56 16877.45 RTS94 0.1426 0.1426 6.0 4.0
20170802 7.88 2.12 1.87 1.78 0.63 14714.32 RTS94 0.1426 0.1426 6.0 4.0
20170803 8.1 2.14 1.87 1.79 0.56 15438.35 RTS94 0.1426 0.1426 6.0 4.0
20170804 8.62 2.22 1.9 1.86 0.62 14149.78 RTS94 0.1426 0.1426 6.0 4.0
20170805 6.59 2.27 2.02 1.91 0.6 12879.87 RTS94 0.1426 0.1426 6.0 4.0
20170729 5.38 1.73 1.69 1.31 0.47 29344.91 RTS96 0.1341 0.1341 6.0 4.5
20170730 7.91 1.87 1.71 1.41 0.51 30796.92 RTS96 0.1341 0.1341 6.0 4.5
20170731 6.4 1.78 1.6 1.37 0.49 32353.85 RTS96 0.1341 0.1341 6.0 4.5
20170801 6.06 1.75 1.58 1.35 0.48 34084.67 RTS96 0.1341 0.1341 6.0 4.5
20170802 6.2 1.68 1.56 1.24 0.49 30978.02 RTS96 0.1341 0.1341 6.0 4.5
20170803 6.14 1.7 1.48 1.37 0.4 36587.6 RTS96 0.1341 0.1341 6.0 4.5
20170804 6.18 1.71 1.65 1.35 0.41 36573.38 RTS96 0.1341 0.1341 6.0 4.5
20170805 10.3 1.77 1.68 1.35 0.44 30554.11 RTS96 0.1341 0.1341 6.0 4.5
20170729 7.95 1.08 0.68 0.67 0.87 14516.58 RTS98 0.4375 0.4375 9.0 3.0
20170730 8.05 1.22 0.78 0.76 0.92 15868.86 RTS98 0.4375 0.4375 9.0 3.0
20170731 8.73 1.06 0.65 0.64 0.9 16387.25 RTS98 0.4375 0.4375 9.0 3.0
20170801 9.5 1.1 0.69 0.66 0.91 16595.44 RTS98 0.4375 0.4375 9.0 3.0
20170802 9.88 1.12 0.7 0.69 0.92 14997.9 RTS98 0.4375 0.4375 9.0 3.0
20170803 8.37 1.1 0.68 0.67 0.91 16638.84 RTS98 0.4375 0.4375 9.0 3.0
20170804 8.46 1.01 0.61 0.6 0.9 16760.75 RTS98 0.4375 0.4375 9.0 3.0
20170805 10.48 1.05 0.65 0.64 0.92 14338.93 RTS98 0.4375 0.4375 9.0 3.0
20170729 11.63 3.12 2.65 2.64 0.99 3248.55 RTS99 0.553 0.2905 9.5 6.0
20170730 12.73 3.15 2.75 2.74 0.93 3274.63 RTS99 0.553 0.2905 9.5 6.0
20170731 9.4 2.91 2.52 2.51 0.85 3771.66 RTS99 0.553 0.2905 9.5 6.0
20170801 12.59 2.6 2.26 2.24 1.0 4393.07 RTS99 0.553 0.2905 9.5 6.0
20170802 12.36 2.69 2.35 2.34 0.97 3621.12 RTS99 0.553 0.2905 9.5 6.0
20170803 16.43 2.96 2.53 2.52 0.99 4152.38 RTS99 0.553 0.2905 9.5 6.0
20170804 11.73 2.97 2.53 2.52 0.91 4172.19 RTS99 0.553 0.2905 9.5 6.0
20170805 11.61 3.05 2.61 2.6 0.83 3622.5 RTS99 0.553 0.2905 9.5 6.0
